genotype	P368.Earheight	P368.Earleafwidth	P368.Earleaflength	P368.Tasselmainaxislength	P368.Tasselbranchnumber	P368.Leafnumberaboveear	P368.Earlength	P368.Eardiameter	P368.Cobdiameter	P368.Kernernumberperrow	P368.100grainweight	P368.cobweight	P368.Kernelwidth	P368.Silkingtime	P368.Pollenshed	P368.Headingdate
04K5672	60.45515538	6.853712118	68.22307543	24.7551226	10.3116775	4.812278565	10.47931312	3.492386282	2.182943566	19.7860237	19.8753447	10.60840093	8.084128465	67.529	65.4587	62.462
04K5686	46.99577362	6.673044166	64.44131767	30.57219814	9.47219006	4.918831006	10.82336033	3.389343946	2.343899015	18.92935434	19.02270684	10.68940099	7.728252337	64.2098	62.0083	58.334
04K5702	53.92579793	7.407019116	71.34515815	30.19930868	8.816218477	5.309888038	13.01411851	3.922793209	2.716980721	25.37579127	23.06304434	15.67566986	8.463828937	59.7128	58.3354	54.9869
05W002	64.86185482	8.631562726	69.39222496	29.83995667	4.852017942	5.914049953	13.68802881	3.847777212	2.158985346	23.90335415	26.11910755	NA	8.08859553	67.2078	65.57	64.0239
05WN230	78.00080929	8.66932477	75.71266185	34.2451593	4.532880223	6.219482046	11.51410807	4.046444012	2.862491889	17.40639534	27.36961415	25.69585471	8.588906739	71.5977	70.8011	69.0445
07KS4	76.49761848	8.448366588	71.99345948	27.11551287	5.141438894	5.85660191	11.98377195	4.070361536	2.263263482	22.12788234	23.84819636	16.54601193	8.7735454	75.3452	73.5836	72.0568
1323	70.55827585	10.53762464	70.99257322	32.98852183	5.730474602	5.672768174	12.49229884	4.136537665	2.926687993	21.17811141	22.25630796	24.18210638	8.20176116	75.4523	73.5836	71.9452
1462	88.14599481	9.699733717	84.89124385	34.74483117	11.73294927	6.547893356	17.13560948	4.340433828	2.470617348	32.87164817	25.7713247	22.36770487	8.295569512	70.9553	69.0203	68.0403
150	84.09240313	8.415551016	62.57602963	26.18701812	7.008392031	5.446805873	13.16553466	3.814461974	2.333664854	24.01368699	18.66442693	18.73223124	6.948005094	69.5634	67.3508	64.3586
177	62.32666383	8.336793644	75.8468716	26.86362604	8.25953511	5.364463679	13.24180052	3.664731428	2.374789637	23.22662586	22.17517342	16.69770013	7.95607262	69.1351	67.5734	66.1437
18-599	82.45473663	8.500871502	83.35579333	27.57043801	10.05006979	5.514786057	11.98109245	4.500924546	2.99590814	21.19952814	24.74680625	24.63808912	8.907557331	73.6321	71.8028	68.8213
238	65.90031644	9.38907964	78.97464118	27.64054122	9.749416145	5.498509112	13.84549223	3.708501624	2.483455763	23.3995741	21.94336045	17.4338478	8.18091486	74.5957	71.9141	69.8254
268	52.69387703	8.844888078	70.42957469	28.36394677	6.981059882	5.635426946	10.73827719	3.66728469	2.257745983	19.08355482	18.86634823	14.05614498	7.360464037	71.2765	68.909	65.6974
303WX	49.56516448	7.233643513	61.16853332	29.09182699	4.334303792	4.880121967	9.837209595	3.873186986	2.414607768	20.31930037	19.39389834	9.057487865	7.351529908	63.8886	62.2309	59.2265
3411	61.68519937	8.995292781	77.94873276	30.77355845	7.539416646	5.399889972	13.24495738	4.064147779	2.432657107	21.91270538	23.37078023	16.58334709	7.528723462	74.5957	72.6932	68.0403
384-2	86.60261586	10.59231726	74.25682729	35.95485746	7.14895737	5.937986637	13.87202543	4.166264923	2.808157796	24.20857927	23.40744239	29.13359287	7.985853049	72.5614	71.4689	68.7097
3H-2	40.60954987	7.824614223	65.88053132	26.77245457	7.234858411	5.81812105	10.70219203	2.739241578	1.885222505	17.78129577	18.7657039	8.485722682	NA	73.2497	74.4278	69.0351
4019	61.47476369	8.481182159	67.34616258	30.11428989	7.781501396	5.538722741	13.41742321	4.068693861	2.539092386	22.98568376	21.12896487	17.22658293	7.341106758	65.9229	64.0118	60.7885
4F1	54.96792927	8.485557569	66.67056435	32.54105448	9.530758951	5.157650725	13.83487895	3.611660066	2.190014442	22.84850001	24.96903201	13.40862091	8.502543495	69.2422	67.6847	63.8008
501	62.25478889	8.796211646	67.83068252	26.54872089	6.338754373	5.772344781	10.33143474	4.086384316	2.546535413	22.25759352	25.83110804	17.26231825	8.435537529	71.2765	69.7994	66.2553
5213	50.13497482	8.33023053	69.56176081	29.95021852	3.512805366	6.558425497	11.82366211	4.019817143	2.705071878	21.91484706	24.73182652	17.21085938	7.911401976	67.4219	66.4604	64.9165
5237	46.88735398	8.730580503	63.01960422	26.57482315	3.914002272	5.133714041	11.42035741	4.220065789	2.493689924	21.88486363	19.33851466	14.94274477	8.316415812	64.7452	63.7892	61.4579
526018	52.78430033	8.756832961	70.83334131	30.88169639	5.61835701	6.37842163	12.17036264	3.988083751	2.702466819	20.03520861	23.87716868	23.02380541	8.259832997	72.026	69.0203	66.4784
5311	67.08613788	8.296053271	79.67559094	31.24422201	9.179053535	4.917201906	11.33256858	3.976039163	2.590994255	19.06806678	25.48224591	19.26243502	9.070639761	73.7868	72.6206	68.7051
647	68.96951963	6.518810979	65.55214977	25.94091108	17.84754152	4.351873538	6.875042739	2.557710224	1.446642167	16.79624763	11.7898896	4.497660526	5.128420873	72.24015	70.9124	66.7015
7327	73.29647896	9.43502144	74.68902817	26.92906814	14.10694166	6.040435646	12.72225327	3.754642706	2.456474792	24.23785089	23.40988253	14.14333917	7.95607262	73.525	71.6915	69.7139
7381	67.28376849	9.180959291	70.8066043	29.43421502	9.297792375	4.899442926	11.72778166	3.898526717	2.38688123	20.7154717	21.44755567	12.41679275	8.362385408	68.2785	67.4621	64.1355
7884-4HT	37.25699613	7.214501097	74.30232212	37.63845336	5.834225209	5.378825689	11.57248111	3.486550256	2.159769554	20.39263498	21.00373975	14.91272002	7.96649577	69.7775	66.2378	63.9123
81162	37.05771156	8.448366588	57.46923494	22.53270143	3.933525235	5.472520711	12.07059779	3.432202263	2.184432172	18.35813285	24.07978628	15.3040225	8.83110223	70.8482	69.0203	66.7015
812	57.3004972	8.435240359	71.97071207	27.00737492	7.468018378	4.760575326	11.73433366	3.678227239	2.319895255	21.14170296	22.99261918	11.90201965	8.541258052	68.7068	66.4604	65.6974
835A	60.82424586	8.564314941	67.24379921	29.74438354	10.01102386	5.068606259	12.38315893	4.269307259	2.730378168	24.89391476	21.88845738	17.60493899	8.121354002	67.4219	65.57	63.8008
835B	67.93677289	9.135305886	64.49818621	26.72025004	6.680964038	4.731577743	11.91635143	3.86516245	2.423353324	24.59622215	18.79497424	18.62311939	7.153490055	68.4927	68.6864	65.6974
8902	43.69869045	8.513997731	64.70291294	26.80042128	3.818339749	5.342441929	12.17566928	3.471413063	2.19224735	22.06787264	26.20848885	13.62160344	9.2424835	69.2422	67.796	65.028
9642	66.9779193	9.560822237	80.05559827	31.355266	9.671324291	5.445848406	11.31776236	3.968751914	2.53164936	18.98932119	23.86970102	18.98476086	8.505521537	75.9876	73.361	69.4907
975-12	65.4304244	8.699952637	72.58489228	27.02974829	6.084676944	5.503296448	12.58557367	4.25246909	2.487500327	24.02454806	24.04589619	18.88255495	7.711873101	68.3856	66.2378	63.8008
9782	45.74287539	9.060923924	59.55062342	24.9639407	5.911201466	5.524360731	8.331892508	3.99464928	2.412560935	16.9440231	20.36642219	10.62269506	7.351529908	69.9916	69.1316	66.2553
A619	44.82947857	7.673189864	62.62152446	28.96131568	7.688348969	5.508220566	10.85166241	3.994831656	2.528113922	18.80085393	23.36779017	13.41005032	8.450427744	67.1007	65.6813	60.9
B11	68.70498455	7.914224959	78.27708967	31.94443135	9.155918047	5.102117618	13.83311007	3.612754321	2.35785469	25.74844244	21.34552699	20.74055645	8.014701255	77.9149	77.1452	74.7344
B110	68.95616039	8.450554293	75.25316407	24.37179224	8.023586147	6.034690842	12.09430079	3.644122961	2.305381353	20.9982233	22.93527597	15.68043458	8.233030611	73.9533	70.24457	67.1478
B111	64.44460062	7.704546965	67.65325268	22.45514042	12.37330248	5.928822307	11.02837355	3.315116989	2.00431093	22.67278831	22.51550653	10.76611282	7.802649054	68.7068	67.4621	63.2429
B113	59.12784286	9.122179657	75.42831916	31.48130264	4.700777712	6.150544395	12.67095574	3.34903889	1.93434648	26.72882775	17.87138254	11.62566648	7.329772645	71.8119	68.7977	65.9206
B114	55.07115978	8.310541187	68.85886568	30.09415386	7.535512053	5.043712108	11.53533463	3.468677426	2.069437412	18.6579098	26.76161346	12.18790225	9.083261863	70.2058	65.9039	63.6892
B151	71.21287874	8.680263294	62.45091885	26.37346285	12.77157094	4.828281948	13.38841357	3.769232771	2.636596034	22.38601521	21.26195231	13.44578565	7.892044697	73.0967	71.6915	66.9247
B73	66.59201607	8.050204319	67.3529868	29.62136698	5.559788118	5.536807806	11.21580108	3.613691826	2.080711692	21.82234044	19.18005976	17.38755639	6.89922522	73.8462	69.2429	67.4825
B77	74.70455386	8.065847238	73.50339051	36.20036372	11.42843921	5.624186897	12.62543515	3.276284026	1.827906536	24.19311708	17.81247469	7.996482798	6.943756182	73.5199	71.3157	68.7586
BEM	54.32237975	8.157401853	66.27248458	30.12845969	9.148108861	5.090628009	11.42743293	3.755919337	2.506715221	17.547975	24.39449212	12.68819678	8.156229427	71.2765	69.1316	64.9165
BGY	57.14780437	6.739769161	66.96628074	27.76806942	5.395795222	4.340931054	10.04770634	3.577738164	2.355249631	18.41106938	21.02956046	11.13013666	7.244404962	64.3169	62.1196	59.2265
BS16	69.91990278	7.724236308	72.38016554	28.93148453	10.56547603	5.449267932	10.59959698	3.701024216	2.248070049	20.02589112	23.61180383	11.68760771	8.502543495	71.5977	67.796	65.4743
BY4839	73.18596159	8.492120683	67.63732949	32.60817458	10.13597083	5.439146134	11.34447245	3.691358298	2.030361523	21.07289807	19.33241432	11.91488437	7.071593874	68.7068	68.6864	63.0198
BY4944	79.8780589	9.157182934	74.34781695	34.56584423	7.453515605	5.251482528	17.35069274	3.979254055	2.391579383	23.36261828	24.59463627	22.22875	8.45152879	70.7893	68.0392	65.9765
BY4960	61.10258182	9.141869	70.78784648	34.55465755	10.88955723	5.410832456	13.10450829	3.323871028	2.141262618	22.17164158	18.72655928	14.41844254	7.573394105	73.0967	69.7994	66.8131
BY804	64.48291184	9.012794419	67.67145061	32.35833864	7.578462573	5.326164984	13.51294274	3.585033197	2.28193582	22.43741537	22.51432647	15.58990509	8.86586473	75.4217	70.0436	66.6946
BY807	64.61275043	10.41292547	62.63289817	30.00913506	12.10779017	4.838814089	13.46606741	3.620961232	2.186479004	20.68338485	22.13857138	12.64531439	8.831617237	73.7391	70.4672	66.59
BY809	63.47660048	9.657016327	64.55532322	29.01053503	7.669686192	5.091239909	13.11570748	3.310339739	2.064948421	23.99481333	20.1955477	11.11572038	7.758187646	73.1055	68.8982	66.1201
BY813	77.59105878	10.05279708	60.84518937	29.63981029	4.783531069	4.837286496	12.55320067	3.855231147	2.598544835	23.69074757	22.57862071	15.56939116	7.982797529	74.4886	68.909	64.5694
BY815	73.0054322	10.04346263	59.0342907	30.31712182	6.184358	4.750267495	12.77532086	3.807472941	2.408921603	21.3948308	20.6721623	12.1132092	8.107922767	74.3318	70.4731	67.26902
BY843	55.28102987	9.50579821	65.14423336	29.81754452	14.06410055	5.720973337	11.19495114	3.779493978	2.230168155	19.72026579	NA	16.1343353	7.898108557	75.9411	71.9048	70.1413
BY855	84.88843734	8.872781313	63.65653185	29.68472123	7.484752347	5.479359764	14.14973963	3.600717517	2.300915537	25.01087522	20.99244131	19.54266599	7.423002938	72.5614	70.24457	68.0403
BZN	17.63127502	7.735904067	56.46834867	27.93586967	2.530939737	6.635022887	9.605486283	3.1166921	1.917785746	17.00184828	16.92277945	7.199251019	7.2815459	60.5787	60.784	57.4414
C8605	52.38407417	8.010419049	59.57903258	23.80820602	6.654942606	4.623468378	11.18436368	3.487617367	2.38017329	19.89653579	22.81692801	14.7787395	9.02852223	72.833	71.0458	68.1307
CA47	58.87434847	7.627977298	67.23924973	29.18877825	8.663939359	5.519573394	10.37141143	3.704124605	2.341107881	20.40925066	20.77819524	10.15098878	6.940559986	73.2038	70.022	66.9247
CF3	80.24284351	9.262192763	67.87617735	23.75577885	5.864346353	6.162991471	11.01952915	4.28280307	2.632874521	21.7185715	24.93065829	20.9597331	7.835461882	71.1694	72.3593	67.26902
CHANG3	34.96825977	7.864249414	62.49641368	33.03326856	5.114664544	5.390999203	10.9109199	3.366729345	2.031664052	18.98289617	20.07055563	12.30225528	8.255365933	64.9593	61.1179	59.3381
CHANG7-2	50.7339326	8.191311277	60.33540924	22.23252542	11.14140346	4.388667641	9.414447217	3.766861886	2.308544639	20.71765163	19.6465819	8.878811245	7.959050663	68.0644	67.1282	65.1396
CHENG698	64.0099284	9.209687848	73.50616259	29.69217902	4.12485028	5.440377164	11.42460273	3.840724091	2.48959626	21.85527792	19.87563906	18.53163696	7.219006999	75.4523	70.6898	68.9329
CHUAN48-2	62.59440071	8.988729666	63.09922018	27.00737492	11.79151816	6.441888039	12.35786394	3.874463617	2.270399128	21.78848833	23.62400451	14.3153452	8.023078585	73.0967	71.4689	69.3792
CI7	71.08524343	7.808794892	73.16813395	35.32250209	5.79317544	5.802487055	10.43658325	3.862105207	2.406046772	21.3150256	20.37029338	15.97972937	7.397547893	72.6968	70.4731	67.5562
CIMBL1	64.42572103	9.179059982	68.35387307	30.19334245	10.53814388	5.376910755	11.39046334	3.641752076	2.117631009	22.34960676	22.72725432	13.87460954	7.796747324	68.3856	66.683	63.5776
CIMBL10	61.09010583	8.050204319	90.87381402	28.94267121	9.362861462	6.729812157	13.17578197	3.684975144	2.336269913	22.95141698	22.89323307	18.86897841	7.810148517	74.3816	73.1384	69.6023
CIMBL100	62.411898	10.60325579	77.12300159	31.2210258	10.94422153	5.351879822	13.06541604	3.76667951	2.494062076	21.02153577	25.38598646	20.1830854	8.633577383	75.2934	75.1418	73.5072
CIMBL101	81.763037	9.273131287	82.06601489	36.06038518	12.32644736	5.401804906	13.16801109	3.836711823	2.449403917	22.95855608	24.25111961	22.00796927	8.228563547	74.2745	73.5836	71.6105
CIMBL102	60.32498557	8.938412457	72.02758061	30.66020005	12.52948619	5.750323031	12.50114324	3.719991301	2.19782962	21.64071286	22.90111405	13.67925643	7.970962834	71.7048	70.4672	67.4825
CIMBL103	38.31193467	8.76120837	58.72716699	24.84610763	11.03402716	5.269674408	10.17151406	4.033934504	2.614738501	21.07701083	22.09178343	11.51490387	7.6701805	73.0138	70.8744	68.3034
CIMBL105	72.79258158	8.892470656	77.34592626	33.03699746	10.96608725	6.278845023	13.88528851	3.845817231	2.592547345	22.95061679	22.42262803	24.57284143	8.070727272	75.1311	73.6949	69.8254
CIMBL106	68.89355964	8.314916597	85.28477413	33.01984454	11.51763887	6.884921872	14.00999809	3.823398389	2.668601048	19.87169064	22.94991679	24.9668541	8.26281104	73.3109	72.8045	70.3833
CIMBL107	63.27726779	8.107084643	91.83375494	33.8983721	16.96900815	7.053983255	14.08747504	3.844918735	2.786386943	18.58882827	28.3816608	31.48593013	9.083261863	76.2018	74.0288	71.8336
CIMBL108	55.06930215	8.130833476	85.54996954	33.04197975	14.00036037	7.304896755	12.25323541	3.814477077	2.555058863	18.24807678	22.19397337	21.96466224	8.288124405	78.7503	74.474	70.718
CIMBL109	66.49053506	7.640774762	81.044807	31.06168415	11.41250927	6.235806165	12.44185983	3.597815783	2.326509771	16.66848284	25.47417653	19.90296295	8.396395218	74.3763	73.0271	70.3833
CIMBL11	84.32646589	9.511591107	70.45573422	23.96534273	13.93513958	6.328770108	10.62170798	3.930452993	2.559188558	20.95751905	22.34293281	18.44158394	8.332795048	77.2725	74.9192	72.6146
CIMBL110	57.47935648	8.462039743	89.79103706	36.73345065	13.50563438	6.328633327	14.78843746	3.324187511	2.265180036	19.28576623	24.59461406	21.31746214	9.223398802	76.9513	73.6949	70.1601
CIMBL111	48.53981501	9.253441944	65.19653185	24.8893628	11.80323194	5.649788957	11.66378409	3.503259938	2.207922979	19.2886487	24.51705835	15.7395314	8.27323419	75.024	71.6915	69.937
CIMBL112	58.93463067	7.426708459	66.29750674	31.58123701	11.77589979	6.005009353	13.12202021	3.142771842	1.762412567	20.72835999	24.3956977	8.923123047	8.326838963	68.5997	63.6779	62.5735
CIMBL113	68.29923896	8.964664914	78.54471503	32.95123288	13.71257779	6.669491713	12.1620489	3.637010304	2.562351844	19.00431291	22.47075182	16.94355916	8.317904834	73.6321	70.4672	67.4825
CIMBL114	71.01271091	8.262411682	77.30498091	29.27454283	6.047862213	5.795187217	12.05007878	3.698835706	2.208994159	20.84401036	25.56939392	11.76193718	8.128799109	75.3452	74.0288	70.8295
CIMBL115	88.84453967	10.04101566	73.63127337	31.70578209	8.687366916	5.652934921	12.51564806	3.908932646	2.46726718	21.4608123	24.00466582	19.42930829	8.09901868	75.6664	75.1418	73.6187
CIMBL116	71.49231876	7.9495699	72.24368105	29.56763394	11.79932734	5.531473345	12.96812763	3.268064028	2.179408129	20.90183554	23.7513638	15.31259897	8.131777152	75.2381	72.0254	69.4907
CIMBL117	80.22429514	8.408987902	75.9287623	28.57723954	10.56938062	4.870410512	12.27649545	3.629168144	2.382044527	21.19952814	20.75762364	16.42611167	7.948627513	73.7391	72.1367	70.6064
CIMBL118	87.05473238	9.437391453	75.0302394	30.29439549	13.12158979	5.884368464	12.83935314	3.881941026	2.815600822	17.85423429	21.0567775	27.06094408	7.625509856	82.4119	79.4825	75.7385
CIMBL119	95.83959369	7.256067487	86.79065301	33.40615802	15.64144661	6.061363148	12.06688314	3.634639419	2.378323013	23.29836807	18.52716925	16.26887624	8.09901868	75.6664	74.1401	68.8213
CIMBL12	81.31710327	10.56825251	77.08888047	26.14376294	13.9234258	5.937986637	11.00467056	3.677497735	2.489968411	18.09410171	20.20781331	17.16940641	8.143689323	76.0947	76.0322	73.3956
CIMBL120	55.93752323	7.905815804	74.19995875	33.42778561	6.973250696	6.383208967	13.10963805	3.682057131	2.347062302	20.33857543	24.92142397	16.19740559	9.796503141	73.9533	72.248	68.7097
CIMBL121	78.3323614	8.369609216	79.45461164	33.57638206	10.97936286	5.759897705	13.43475823	3.50989436	2.295333267	22.50594892	21.79857372	19.37213178	8.839062344	74.2745	71.2463	69.4907
CIMBL122	80.5788119	8.249285454	64.24796464	29.61706843	11.94770187	5.491396497	12.41093035	3.490562524	2.339247124	19.20777188	22.26667855	16.65243539	8.858419623	70.527	68.2412	65.809
CIMBL123	61.05455479	8.675887884	74.26820099	37.03437244	13.62277216	5.697662326	9.488740187	3.165204068	2.022918496	18.17976865	17.88358323	10.23675356	7.629976921	69.7775	67.9073	64.9165
CIMBL124	85.62518301	8.892470656	70.87883614	31.36794424	17.02367245	6.058490746	11.77625612	3.47633721	2.164336	22.00908069	21.33576644	15.344999	7.717829187	73.3109	71.6915	69.4907
CIMBL125	76.31114111	8.901221476	83.52867368	32.23901402	13.95856714	6.133993887	13.65445316	3.648499981	2.437495074	21.61929613	19.99735153	20.40702676	7.192204612	71.2765	70.022	68.375
CIMBL126	79.21109043	8.253660863	65.17378443	31.9742625	14.7316765	6.434912206	11.8547944	3.647770477	2.404001455	18.86510414	21.82440379	14.7637044	7.542124655	72.24015	72.8045	68.7097
CIMBL127	64.18492344	9.275318991	59.95780215	29.73319686	16.87920252	6.001589827	14.87321165	3.47633721	2.210482765	25.81269264	20.49391933	16.66196481	7.449805325	74.7028	72.248	69.937
CIMBL128	77.64938393	8.56869035	87.70054961	39.70898556	13.38068741	7.132085237	13.79065694	3.517554145	2.299426932	20.20150834	24.64276153	24.73100096	8.103485744	78.7715	76.2548	71.4989
CIMBL129	65.7870389	8.524936255	69.16595579	33.44025115	12.25616469	5.262972137	12.85615751	3.565518984	2.202853663	23.36690162	20.56773346	17.12652402	7.856308182	72.13307	70.5785	68.7097
CIMBL13	67.03033172	10.03226484	83.90173129	28.87107643	11.45181859	6.731863873	11.66180957	4.219518662	2.524950636	20.25076683	27.38181484	21.2503804	8.255365933	78.5573	76.7	73.5072
CIMBL133	68.1557099	7.960508424	64.11148015	28.39452371	11.6626666	4.585085234	11.41487389	3.398827488	2.131028456	21.65142123	20.63422718	16.37672325	8.314926791	72.6684	71.8028	69.156
CIMBL134	59.48975689	7.934255966	68.2515097	27.58162469	10.32339128	6.409334149	10.82424477	3.446792328	2.142006921	18.80085393	23.63010486	12.54689998	8.294080491	69.9916	68.6864	64.247
CIMBL136	71.67150926	7.877375642	76.05387308	30.29998884	12.63881479	5.705322065	13.73989008	3.455181615	2.192061274	20.3171587	24.33408426	15.53415798	8.859908644	72.4543	71.6915	69.6023
CIMBL137	45.147009	7.754605836	65.55663075	30.16201974	4.707610749	5.219886105	10.55625941	3.412323299	2.151682855	17.63364193	20.73745019	14.22494972	7.208583849	76.3834	74.7142	71.7638
CIMBL138	47.44005124	7.471771949	75.47976652	28.17451893	6.274328593	6.208949905	12.21506142	3.655716646	2.229244645	22.61501989	20.81007462	17.72116469	8.465317958	75.9876	72.4706	67.7056
CIMBL139	69.76456018	8.128961691	68.20601487	23.99591966	9.932932006	5.625852272	12.17576466	4.140169432	2.654480114	19.91990978	24.68363382	18.12425426	8.509988602	73.7391	72.6932	67.4825
CIMBL14	58.10735129	8.697764932	72.97159833	28.31323381	7.742455469	5.769335598	11.323069	3.678227239	2.237463736	20.71022894	22.51027481	15.69329929	8.023078585	74.0604	72.5819	69.2676
CIMBL140	49.53943966	7.932068262	70.77647277	32.57088563	6.127627465	6.249300315	13.01234963	3.816285732	2.364553414	21.69639637	27.6563302	18.02467183	9.719074025	74.8099	71.9141	69.0445
CIMBL141	51.70926772	8.23397152	68.68371058	32.92513062	5.536360562	5.779047053	13.221371	3.560731046	2.152879119	23.32533798	18.51191376	16.92599117	7.993496035	75.024	71.0237	67.4825
CIMBL142	59.12232251	8.748082141	70.52625121	29.72499329	9.854840149	5.808454979	12.13678057	3.892260181	2.475339368	21.73997909	24.45904717	23.37931009	8.627532117	73.2038	70.5785	66.8131
CIMBL143	62.04302834	8.826839513	62.46684204	29.39088434	6.337080976	5.114564693	11.36799856	3.489468269	2.121166446	23.05421731	21.61216974	10.66121587	8.350663306	72.4543	68.3525	66.4784
CIMBL144	60.60994595	8.441074239	81.04238121	28.14543355	6.924164387	6.149450146	14.01260725	3.670425333	2.20768341	26.9416084	20.433855	20.00075768	7.484052818	75.7735	75.0305	70.0486
CIMBL145	56.18549727	8.164694202	74.2522778	27.89112294	5.801872869	5.451866772	13.04253879	3.71174974	2.295844904	24.01590065	20.36625869	15.28916019	7.412579788	70.9553	69.0203	63.4661
CIMBL146	45.73128266	7.695796146	73.89286864	32.0697222	4.224417396	4.397421629	10.32807386	3.341926234	1.979190715	18.5866866	19.44634932	9.012223122	7.618082182	68.9209	67.1282	64.1355
CIMBL147	59.65260716	9.515966516	76.63393216	31.26950143	10.79194241	5.588511045	12.56906824	4.147844966	2.765732544	19.777457	24.36463671	19.51507307	8.211828346	71.3836	68.7977	67.1478
CIMBL148	59.72680064	9.365014887	69.1614063	30.19930868	12.27568766	5.385527961	14.19573052	3.620414105	2.27635355	23.56821892	25.01183219	14.19622745	9.272367588	72.13307	71.9141	70.0486
CIMBL149	58.55449949	9.979759928	69.27400601	30.90034086	10.24920402	6.066697609	12.93098114	3.898172473	2.324361071	21.90628036	23.64230554	15.13487529	8.157090517	71.8119	70.4672	66.4784
CIMBL15	75.11035497	8.831214923	79.68208579	32.72131989	9.478883648	6.085436613	11.1886341	3.707954497	2.401768547	19.86278255	22.26972872	14.53690421	8.064771186	76.523	75.0305	71.9452
CIMBL150	64.18768361	9.450335373	73.97020986	30.11578144	10.43662447	5.577021436	11.15679426	3.835252817	2.188525837	20.28650574	22.29413008	15.1610812	8.002232285	72.7755	71.4689	67.37094
CIMBL151	60.10560693	9.124367362	71.17455254	32.01826346	10.47957499	5.179398913	12.14206055	3.749900935	2.430052048	22.80866761	20.34725427	14.09092737	7.950116534	73.9533	69.3542	67.8172
CIMBL152	48.54677065	7.892689576	70.3670193	31.12109142	11.37372673	5.313717908	10.73137856	3.666190435	2.467825407	20.36427552	17.14496071	16.05017606	7.592751384	69.4563	68.3525	63.9123
CIMBL153	58.62780972	7.897064985	65.56958946	32.54180026	11.20192465	5.42957146	10.29588024	3.631356654	2.206947327	19.06722064	23.65856462	10.72418338	8.11986498	70.3129	67.0169	63.2429
CIMBL154	67.30767401	8.883719837	80.47824532	33.45836254	17.87292137	5.769472379	12.82838609	3.288672495	2.013056486	19.05857323	22.62354852	17.8641011	8.09901868	70.7411	68.1299	64.247
CIMBL155	60.56578316	10.55731399	64.79845208	31.1926862	14.90849877	5.398658942	12.24200229	3.543086759	2.244348536	21.04318598	24.043708	18.77034892	8.279190276	71.3836	69.4655	65.1396
CIMBL156	54.95755101	9.058736219	70.03718178	35.01704048	9.17544101	5.647874022	12.55597853	3.440409174	2.319709179	17.8371009	23.34468282	18.94902554	9.030431299	74.2745	71.9141	66.0321
CIMBL157	73.15350194	6.639134742	70.9971227	29.79658807	14.18503352	6.475125835	11.40885969	3.209703767	2.136424651	16.4771383	21.24743374	13.66972701	8.233115023	74.4886	71.4689	65.2512
CIMBL16	54.40805555	8.551188712	75.28728519	30.45063618	10.10863868	5.613405197	12.22785125	4.198727818	2.796305126	19.36625571	26.46615359	26.02747851	9.193449451	72.24015	71.0237	66.8131
CIMBL17	43.91851071	7.490151898	81.55874753	30.76610066	8.761554178	6.520263583	12.10314519	3.556582569	2.15114506	19.57613971	21.08870261	12.49951427	7.644867135	68.9209	66.5717	62.9082
CIMBL18	71.3295789	10.53981235	78.37410942	30.94881649	9.807985036	6.519169335	13.85787439	3.604729785	2.267794069	21.85059686	23.50686027	20.03537939	8.434564614	77.5937	76.9226	74.6228
CIMBL19	77.55410271	7.805181385	81.45638417	32.40308538	9.58542325	7.230567595	10.60932582	3.701936095	2.390790083	18.28685232	21.72836881	16.27745272	8.551193324	78.7715	76.7	74.5113
CIMBL2	63.77222221	9.721610765	84.3680533	35.59129024	7.137243592	5.419586443	12.09783855	4.297575511	2.891891844	20.9211106	24.865424	26.536826	9.275345631	72.9896	72.0254	69.0445
CIMBL20	78.42322634	8.279184086	86.86268649	35.00958268	12.24445092	6.609855173	11.48332955	3.562418595	2.162847395	19.07070478	21.12225449	16.27316448	7.930759255	82.6874	79.4825	77.3005
CIMBL21	62.61328031	8.058955138	77.50288342	32.75136413	6.925279985	5.728164501	11.9389931	3.789658862	2.305753505	23.03922559	23.6416634	13.01267352	8.096040637	73.525	74.3627	68.4866
CIMBL22	80.10604928	7.724236308	85.24382878	32.14952055	11.68218956	6.43942598	13.93039848	3.410317165	2.203784041	23.51681876	21.33698651	16.35892926	7.942671427	77.2725	76.2548	74.3997
CIMBL23	80.84544472	9.104678019	75.99131769	26.56363647	19.4757567	7.065472863	13.32721032	3.512812373	2.201551133	20.88256048	20.41827509	16.21884679	7.981385985	76.8442	75.6983	72.8377
CIMBL24	44.73276207	8.722558919	76.96528618	30.28507326	10.50300255	5.579893838	16.02342914	2.92469128	1.932192363	18.00429707	22.475079	17.20271716	7.904664776	74.3816	71.8028	70.1601
CIMBL25	67.65092926	9.461273897	80.13703409	30.51626472	11.10430983	6.512330282	12.67051971	3.367091208	2.171587855	19.36482324	22.53075773	15.69397796	8.103499754	79.4139	75.2531	73.1725
CIMBL26	78.06804713	9.48533865	75.30548312	30.987597	12.79890309	6.562255367	13.73405277	3.519742654	2.119491765	20.43280907	25.26865656	19.4407436	8.521900774	71.2765	74.3627	73.0609
CIMBL27	63.88472691	11.36895246	72.26870321	32.92438484	13.0058465	6.731727092	14.44936261	3.648245567	2.228765506	20.81924065	26.82983245	13.08400934	8.335773091	76.7371	75.4757	72.0568
CIMBL28	63.75930459	9.859436165	66.02226302	30.77728734	16.65859303	6.119768658	12.06011993	3.648245567	2.164560939	19.80461096	24.91738928	13.61778262	7.610619642	73.8462	72.0254	70.1601
CIMBL29	75.66912462	7.883938757	85.7215245	35.02449826	13.41582874	6.118947971	14.80245644	3.489468269	2.470244391	21.21666153	21.9586113	22.75126401	7.610619642	78.6644	77.9243	75.6269
CIMBL3	53.20495087	9.154995229	69.7642128	25.31221945	10.06568816	5.660868222	10.71221229	3.606188791	2.512062833	14.43826522	23.73076049	14.78943383	8.243453761	74.4886	71.8028	69.0445
CIMBL30	67.84403104	8.936224752	75.06208578	27.68155906	8.089964224	5.366378614	12.93275002	3.718532294	2.38316098	23.42258513	20.9795065	14.82516915	7.653801264	72.8826	71.5802	70.1601
CIMBL31	97.08399058	8.181466606	78.30131769	31.98544918	13.33773689	6.385123902	11.2151673	3.380225155	2.115025949	21.53148752	20.50978021	13.5172563	7.533190526	78.5573	77.0339	74.9575
CIMBL32	78.79916205	9.360639478	62.25301633	31.16882127	12.83404442	6.350655076	11.32395344	3.422353969	2.087300676	19.60826481	21.87320652	12.27366702	7.938204362	74.3816	72.4706	71.0527
CIMBL33	97.28172946	10.2400968	79.28400602	30.56101146	11.11602361	5.55158016	13.04542769	3.486915008	2.262956102	23.46970195	21.5761199	16.72200015	7.719318208	76.3089	75.3644	74.1766
CIMBL34	82.23215619	7.897064985	74.66628076	32.16816502	11.28001651	6.853325449	12.17566928	3.608012549	2.184990399	20.25505017	23.6362052	17.12652402	8.349174285	76.8442	74.8079	70.8295
CIMBL38	70.93156179	8.277178689	72.88629553	29.33140847	9.060255524	6.314271316	13.48198734	3.928629234	2.401954622	22.03263909	22.61922842	14.45638061	8.122843023	73.9533	73.361	69.937
CIMBL39	91.3324502	8.888095247	71.37927927	25.18767437	19.88964353	6.34203787	12.12154154	3.818838993	2.684231404	20.59985959	19.40761499	19.992497	7.549569762	79.521	77.5904	72.8377
CIMBL4	56.94134334	9.441584554	66.90258798	27.61145585	11.17849709	6.102944588	12.41993697	3.70303035	2.488345475	17.82853421	24.03882773	17.89840702	8.21218431	72.7755	70.5785	67.9288
CIMBL40	61.7269332	7.805181385	75.71038711	34.1355298	16.37997245	6.515339465	11.12053221	3.444421442	2.235975131	19.59541477	20.64398772	13.81028595	8.160068559	72.24015	70.4672	66.59
CIMBL42	62.71849814	7.960508424	73.54028371	28.39452371	4.001855609	6.28746223	12.69129787	3.823398389	2.324361071	17.16247378	28.74219098	16.45469993	8.970096232	70.9553	71.0237	68.2635
CIMBL43	52.10264774	9.039046876	69.12728518	28.80470211	10.41710151	5.367336081	11.27875921	3.763761497	2.615556761	19.16065507	22.44968879	15.45268144	8.060304122	72.4543	68.909	67.1478
CIMBL44	64.66530414	7.153245363	75.06436052	30.73254061	10.5810944	5.784518295	11.30840019	3.23268312	2.058558189	19.91024076	20.71485463	12.75966743	7.88459959	69.9916	67.5734	64.8049
CIMBL45	58.64094815	8.35757684	67.44397646	26.89284459	4.827676976	6.353527479	11.72601992	3.925711221	2.302031991	21.92341375	20.85042022	12.48807897	6.933114879	69.4563	67.5734	62.3504
CIMBL46	65.41033033	7.687045327	75.05298681	31.73188435	9.382384427	5.301270832	11.08780793	3.864068196	2.635665656	17.12820701	25.1228584	22.24763418	9.722052068	69.3492	68.5751	66.7015
CIMBL47	62.30038697	8.437428064	67.67145061	31.91087129	4.466502146	4.464444345	11.47253938	3.402110253	2.182943567	22.28107321	21.4065304	15.13964001	8.4057571	66.7795	68.3525	65.028
CIMBL48	57.57905397	6.897283905	72.50527632	32.75136413	7.445706419	5.952348648	11.89353288	3.68515752	2.178663826	19.28915547	24.61103976	15.83719353	8.371509606	69.4563	66.4604	66.4784
CIMBL49	63.28886052	8.236159225	76.77041666	30.49836603	9.218391531	5.6631935	10.44959594	3.737499379	2.354133177	19.94450753	20.70804131	16.66768246	8.328327984	71.2765	71.3576	65.6974
CIMBL5	50.57163437	7.096365039	85.80114045	31.79154667	12.24835551	6.250941688	9.134964138	3.533238465	1.990169179	18.26543559	19.28173265	10.04759457	6.919713686	74.5957	72.9158	68.1519
CIMBL50	49.68352914	6.380623784	74.02205364	31.84659695	6.568255968	5.707121333	13.24126809	3.095385714	1.91540889	22.16823693	19.4806258	13.29751865	7.529020258	68.7456	68.8982	63.1043
CIMBL51	71.78887889	8.693700913	72.80006511	35.84609753	10.02333768	5.825573729	12.26221752	3.449328086	2.434795085	20.31769074	21.3870842	14.43178687	7.806808641	77.0583	73.9175	71.7221
CIMBL52	57.46776375	9.043422286	73.19224826	35.60620582	17.12519186	6.569915106	13.17950882	3.59360486	2.226671348	27.18550529	20.99780753	19.47790834	7.793769281	72.7755	71.8028	67.0362
CIMBL53	77.0718451	9.181247686	70.3670193	30.38575341	10.19063513	6.04084599	13.05657164	3.799324781	2.292914284	24.9354088	23.75403811	16.74058252	8.696116284	78.8786	76.2548	72.6146
CIMBL54	72.46058784	8.463680521	77.64619214	37.65336894	11.97503402	5.823637676	14.6627149	3.944313555	2.297938327	24.58951231	26.45456294	18.57023111	8.313694859	66.8866	65.2361	61.2347
CIMBL55	52.55112083	8.347732168	73.31280956	36.97471013	11.47134155	5.276103118	12.28710873	3.573725896	2.156148671	22.88716678	23.0388362	16.86208262	7.346736822	70.0987	68.4638	65.3627
CIMBL56	86.60195342	8.951538685	70.58994397	33.51877063	13.95466254	4.977099735	12.55827807	3.461382393	2.233742223	24.02218777	23.19376831	12.56383785	8.085617487	69.5634	69.1316	65.4743
CIMBL57	67.58280817	8.395861673	79.37499568	32.13385919	12.52948619	5.897773007	12.39058823	3.570807883	2.328082584	20.89182459	21.65969457	16.89067088	8.533812945	70.8482	68.7977	65.5859
CIMBL58	55.01628752	7.868624823	75.30775786	34.42675646	15.05966229	5.627767207	12.38262827	3.392079583	2.268538372	18.97218781	21.72374816	16.24743505	8.198783117	71.7048	69.3542	64.5817
CIMBL59	53.30365469	7.522967469	78.56746245	32.08985823	9.548608518	5.853729508	11.94571485	3.751359941	2.518810139	16.94830645	27.08594828	16.95737682	8.591483243	66.1371	64.5683	62.6851
CIMBL6	48.00500367	7.748301061	69.0135481	27.52569127	7.820547324	7.235354932	10.56421938	3.623332118	2.371624289	17.87136768	23.18408505	16.61908242	8.496587409	70.9553	70.4672	68.1519
CIMBL60	69.25348634	8.500871502	70.79922019	29.55793882	12.0375075	6.009386347	11.10726561	3.811908712	2.51192534	16.02524521	27.18355374	17.93414234	8.807776488	69.5634	68.3525	65.2512
CIMBL61	67.61206601	8.748082141	69.73009168	26.82465909	8.148533116	5.692191084	12.64619142	3.622602615	2.322872465	20.21435838	23.30556669	13.92035075	8.55912631	70.527	70.24457	66.59
CIMBL62	54.97830752	9.244691125	72.4711552	27.42426534	13.08784295	5.999674893	9.633788367	3.064532617	2.000217265	15.51124359	22.99261918	7.728133813	7.682092672	72.026	70.24457	68.2635
CIMBL63	66.86582534	9.270943582	70.27148016	26.04084545	9.843126372	6.097199784	12.89277333	3.70303035	2.481967158	18.5781199	20.78551565	16.41848813	7.930759255	74.3816	72.4706	68.2635
CIMBL65	95.31714794	9.892251737	69.15003259	32.01155145	12.26006929	6.962066387	11.72955768	3.90966215	2.378695164	23.62818578	19.94732873	22.04799284	7.798236345	78.6644	79.8164	74.6228
CIMBL66	41.52256919	8.872781313	70.9698258	31.13376966	12.20540499	4.558412929	11.72018261	3.07966981	1.901225012	21.04747801	20.10715768	12.43804951	7.615086706	68.2785	67.796	65.6974
CIMBL67	68.52259224	8.400237083	77.64619214	31.5074049	11.73294927	5.630639609	12.13144727	3.51208287	2.051574148	24.29025754	20.96120548	14.18908039	8.236008654	74.9169	73.9175	72.7262
CIMBL68	67.73009106	8.691201817	76.05614782	29.07243674	10.90908019	6.879724192	10.77082459	3.356333923	2.143123375	15.85176966	21.27943996	12.24650818	8.055837057	77.4866	76.5887	75.4038
CIMBL69	44.58360226	8.800587056	71.81148016	31.44475947	11.88913298	4.391676824	12.23846453	3.131282166	1.99872866	23.44281116	21.98606284	11.63043119	7.963517727	68.9209	69.3542	64.9165
CIMBL7	95.16887139	10.11758533	76.31546835	29.6399745	11.32296703	5.388400363	13.01411851	4.074347512	2.632316294	20.51633433	25.14481963	20.01536761	8.103485744	80.0563	76.9226	73.9534
CIMBL70	91.40896222	9.181247686	68.62684205	28.30875913	10.93641234	6.901198818	11.33014452	3.606188791	2.239510568	21.24636849	21.5010857	13.43149152	7.713362122	77.5937	75.587	73.5072
CIMBL71	73.47346132	8.104896939	80.66022464	28.14841667	9.409716575	7.241099736	13.75174157	3.790753117	2.613894803	22.56163242	23.89851988	20.76438	8.221118439	74.0604	73.6949	71.6105
CIMBL72	78.3925332	8.415551016	76.13348903	36.75843424	11.41556165	5.367062519	13.39619664	3.305268694	2.074275379	20.43923409	22.61439801	15.36834608	8.602307932	76.7371	72.1367	69.7139
CIMBL73	70.41993592	7.608287955	80.26214487	39.17475793	14.09522788	5.659363631	11.71929817	3.737134627	2.437867225	20.99821084	22.30328059	17.1908476	7.869709375	68.8139	66.7943	63.9123
CIMBL74	57.81322714	9.550969793	62.88311973	27.49958901	13.59599781	5.993519745	13.32367256	3.37566576	2.143867677	21.28095813	20.50978021	12.70963798	7.917358062	73.7391	72.8045	68.9329
CIMBL75	55.87414963	9.257817353	61.90498088	31.29336635	8.203197414	5.498509112	12.44630795	3.935924267	2.399535639	19.51112113	27.35680344	19.25968462	8.792902679	71.8119	68.1299	66.2553
CIMBL76	54.87408335	7.072300286	66.06320836	26.90371166	6.339591072	5.034821339	9.900889284	3.580656177	2.193363804	18.14121853	23.30318912	11.21590143	8.524878816	67.3149	66.1265	64.5817
CIMBL77	69.06579451	9.299383744	86.69966335	37.83981367	3.906890335	5.600410997	12.80981284	3.475790083	2.206575176	22.70298287	24.39449212	13.53250337	8.049880972	73.9533	72.4706	68.8213
CIMBL78	61.43556922	9.651604212	64.98043141	31.12407454	11.97893861	4.820622209	10.54299281	3.105749551	1.762412567	17.62022035	22.08126972	8.828781792	8.045413907	71.8119	70.27588	66.59
CIMBL79	48.69902185	8.503059207	67.28246981	33.13469449	9.722083996	4.934560827	11.73734075	3.595428618	2.448659614	19.64659725	21.85063526	17.05394809	8.192827032	71.0624	69.5768	64.9165
CIMBL8	70.88397639	8.247097749	69.33201192	24.69546029	7.699504949	6.203478663	10.82247589	4.045714509	2.691302279	18.46246954	25.1978926	16.30461157	8.103485744	73.0967	70.9124	66.7015
CIMBL80	70.72675687	8.017388748	77.56657618	32.98852183	15.94600485	6.416173201	11.6510194	3.761572987	2.473221601	20.33857544	26.41674082	16.88714394	8.853881169	77.9149	76.8113	73.6187
CIMBL81	57.15321431	7.540469108	67.500845	24.78122486	10.61233115	6.03181844	11.54948567	3.780540072	2.601613809	19.28576623	22.0836683	17.56487732	8.230447697	72.026	69.2429	67.1478
CIMBL82	83.43470884	8.767771484	70.93342994	28.99562151	9.815794223	6.094053819	12.74082651	3.650323739	2.337200292	20.5771131	22.19347445	20.41417382	8.599329889	74.8099	73.6949	72.0568
CIMBL83	28.81472763	8.833402628	72.9261035	29.06572473	10.34681884	5.490302248	11.98152642	3.833154775	2.581411484	21.70704162	22.83952381	13.95806308	9.236631073	68.7068	68.1299	64.9165
CIMBL84	52.57949542	7.109491268	73.9724846	29.52139565	6.094717326	5.912135018	12.02239504	3.572133949	2.27380453	20.91724465	22.24238965	18.32165962	8.515944688	68.2785	67.5734	63.6892
CIMBL85	60.07255555	8.058024753	71.79597333	27.88936828	8.959787334	5.259950218	9.857705245	3.243873411	2.174143711	18.68027278	21.6253915	15.85963038	7.754505517	71.3343	70.9026	67.6999
CIMBL86	76.03115956	9.242566672	68.73658518	32.79099019	9.214748033	5.023755786	12.88422901	3.226596541	1.91540889	22.41719681	20.9104696	12.01646279	7.54830628	72.026	72.4706	68.0403
CIMBL87	55.13530622	7.779658163	70.78026401	30.92122267	9.370670649	5.753195434	12.47107228	3.014561643	1.781020134	18.97218781	24.48507911	11.31357799	8.854346515	69.8846	69.2429	65.6974
CIMBL88	59.76389738	8.721829684	75.83777264	26.5412631	6.172809181	5.857559378	10.35127248	3.95455981	2.704789662	18.44230828	21.3870842	25.28740088	7.802567597	72.5614	71.8028	68.9329
CIMBL89	51.21718389	7.658605165	70.79922019	31.55662631	7.242667596	5.294158217	12.34934404	3.363410677	1.954698252	21.74737081	21.11371401	12.41679275	7.908423933	69.6704	68.1299	64.8049
CIMBL9	57.11236373	8.085207596	78.33088933	26.94845839	6.817066986	6.378011287	11.6710531	3.505152589	2.226671348	21.64927956	19.54592627	15.56369918	8.24196474	76.4159	75.1418	72.6146
CIMBL90	56.67327523	7.812838352	79.98917589	29.24284722	3.783198414	4.568808289	10.99228839	2.775284572	1.791440371	18.22260212	18.08062425	10.34681835	7.575753199	74.0604	73.2497	70.8295
CIMBL91	71.16882636	7.776741223	77.8577431	31.5603552	4.482120518	6.191852273	12.21016244	3.798230526	2.230765012	22.84647499	22.13857138	18.29864264	7.84081845	72.026	72.1367	70.0486
CIMBL92	48.97901391	7.284507649	73.39242551	34.21010769	3.940497722	6.311398914	11.98109245	3.48636788	2.09697661	22.60018254	21.4278816	13.23137371	8.594862825	69.7775	71.9141	66.9247
CIMBL93	63.34605133	6.868843743	71.73186421	26.11989801	12.87113805	5.945646376	9.495815708	3.337366838	2.150938552	18.99360454	21.36382801	13.29140905	7.740164509	71.4906	71.4689	65.9206
CIMBL94	50.57008867	7.299821583	76.45195284	26.87313472	5.293718012	5.574149034	9.792987589	3.480349478	2.177733448	19.44335595	21.77255089	9.343370457	8.684204112	69.9916	68.7977	66.7015
CIMBL95	63.85149441	8.890282952	80.34176083	32.40830583	14.30607589	6.152048986	13.30244599	3.378948524	1.975655277	22.21896468	21.22352016	16.25458211	7.714851144	69.028	67.2395	64.247
CIMBL96	65.64063926	9.91194108	69.19552742	30.62291111	12.76376175	5.45542308	12.65415138	3.802607546	2.386696418	19.95735757	25.25889602	16.50187055	8.173469753	69.9916	70.6898	67.7056
CIMBL97	60.208175	9.917447529	71.20184944	24.77003818	11.81104112	5.548160634	12.38899623	3.503328831	2.297566175	18.4325549	21.60052126	15.22302243	7.470651625	72.24015	70.9124	68.0403
CIMBL98	59.44460044	9.418987809	66.79567513	26.59272185	12.87699494	5.608891422	11.7529069	3.660719161	2.421492567	21.13054748	23.2897058	17.37238305	8.791413657	70.2058	68.909	65.9206
CIMBL99	63.27649494	9.979759928	59.43233686	27.97837907	8.765458771	6.519169335	12.0748431	3.984071483	2.293472511	21.65784625	24.42314924	13.85316834	8.014144457	77.0583	73.6949	71.6105
CML113	53.49454833	7.9955117	72.28917588	26.96262819	9.934884302	5.440103601	11.49818814	3.774339294	2.355621782	18.07696832	24.15595429	14.68365727	8.720753629	72.3472	70.5785	65.5859
CML114	75.57329137	7.700171556	79.98917589	32.25392959	12.56964771	6.51342453	12.04565658	3.557676824	2.133075289	23.20627612	27.56177491	12.5023731	8.527856859	71.4906	69.3542	67.1478
CML115	76.16142927	7.940819081	78.51059391	30.42304236	11.94770187	6.161076536	11.90856836	3.620414105	2.247697898	24.02225368	25.38090285	12.18790225	9.092195992	71.2765	68.5751	66.2553
CML116	68.66170502	8.13771251	72.323297	29.65116118	12.08241032	6.115118102	10.86634412	3.932276751	2.418143205	21.10957786	25.69202026	13.2085031	8.493609366	70.527	69.3542	66.2553
CML118	55.87801387	8.859655085	74.22270616	31.17627906	10.0958093	5.610669576	12.61753556	3.195478453	1.900108558	23.57678561	22.07390776	12.8997499	8.307481684	73.525	71.5802	69.7139
CML121	77.02459092	8.599318217	62.05966331	28.14431488	13.93709188	5.403035936	11.38763313	3.033711104	1.444223183	21.15669467	20.42437543	5.980676471	7.305370243	72.5614	71.135	69.156
CML122	63.96245341	7.943006786	68.53585239	34.3652297	12.08045802	5.854413413	13.18481546	2.515946162	1.361285149	23.43757685	17.36810438	4.783543118	7.092440175	73.9533	70.6898	67.0362
CML130	56.93781032	7.435459279	74.1203428	29.85465228	11.35420377	4.758386829	10.4531337	3.620049353	2.171268879	19.03643801	20.01931276	8.811628836	7.360464037	68.8139	66.9056	62.3504
CML134	76.42298337	8.413363311	78.62433099	29.68845012	9.973093531	4.86753811	11.89105645	3.833246683	2.358412917	24.67974742	25.06063492	14.42493353	9.08028382	72.6684	69.3542	67.37094
CML139	66.96452917	8.446178883	71.74323792	38.33575665	12.21711877	5.738833423	13.55362699	2.633396187	1.397939249	24.43345498	17.69752281	5.083719839	7.090951153	72.9896	70.8011	66.4784
CML162	92.97398094	9.649416507	73.34010646	29.62953359	12.29521062	5.520530861	12.16328712	3.579926674	2.448690103	21.22951157	19.80397071	20.5442504	7.705917015	72.7755	70.6898	69.156
CML163	97.58479657	8.800587056	79.42049051	32.5261389	13.57201245	5.128926704	12.02000782	3.76230249	2.434145712	20.49277592	22.11417001	16.52140586	8.270256147	79.521	77.3678	75.0691
CML165	71.75232716	7.822683023	88.87204149	31.31051927	9.030971079	5.346271799	11.13733657	3.44059155	2.311707926	19.73034019	17.583935	14.54833951	7.900193067	78.8786	76.5887	73.1725
CML166	101.0548875	8.923098523	78.7949366	33.23537465	13.20107614	5.261057202	12.67449351	3.893248326	2.417771054	21.02391092	22.26417568	16.85493556	8.118606834	78.7715	76.3661	74.2881
CML168	82.55443412	7.479213374	81.62698978	27.13415734	9.155918047	6.181183351	12.64017723	3.5186484	2.407722968	18.29113567	24.53722563	17.22420057	8.97521627	74.8099	73.5836	69.6023
CML169	82.1260551	8.603693627	88.78105183	34.0400701	15.76639358	6.996124869	11.99701237	3.552935053	2.341107881	22.01978905	23.44526451	15.26066363	8.358108413	78.2361	75.8096	73.7303
CML170	69.83720796	8.822464104	82.03644325	33.19920437	8.511660242	5.505211383	13.23169564	3.565336608	2.275981398	21.61715445	20.05225461	12.80254982	7.929270234	73.9533	73.361	70.718
CML171	84.55533952	8.872781313	79.35907249	30.43273748	10.60452196	6.981626077	12.58835163	3.830875797	2.397302731	24.41632159	22.03242543	21.91648684	8.02754565	77.0583	74.9192	72.0568
CML172	76.13283387	9.010606714	77.15712271	30.50433226	9.745511554	6.547893356	12.50556544	3.783640461	2.431726729	22.6922745	23.14390764	23.5331529	8.243453761	77.8078	75.8096	73.0609
CML189	63.93650777	7.831433842	72.75549789	28.98368905	7.128876607	5.493721774	10.15207028	3.495669047	2.196154939	18.73660373	19.21223759	11.63567237	7.763988852	70.4199	67.796	65.2512
CML191	46.43612071	8.054579729	65.7663546	25.30513455	11.23901828	7.398124386	8.963382755	3.647405726	2.495550681	17.07680685	19.01316312	14.20099216	6.998631823	71.3836	70.13327	68.2635
CML192	60.85902406	9.056548514	76.75904295	23.84900122	8.175865265	5.219886105	9.879662721	3.83379381	2.583378394	19.246322	17.90493442	16.15452321	7.829505796	75.8806	75.2531	73.1725
CML20	85.49998151	9.113428838	82.69611829	38.45877631	6.813162393	5.69301177	12.0069181	3.516824641	2.149077796	18.12408514	26.23495065	16.47804701	8.87628788	76.523	74.9192	70.6064
CML223	73.94412621	7.864249414	88.53083026	26.19127138	5.204470177	6.424380064	13.45633857	3.962186385	2.83458054	21.38157038	26.99444315	26.33194347	8.69164922	74.9169	75.3644	71.4989
CML225	65.75192948	10.1022714	81.91133247	30.52931585	11.26830273	6.64842743	12.20220248	4.003038568	2.72814526	18.39393599	24.65191205	16.5440646	8.076683358	74.9169	70.8011	69.2676
CML226	82.56138975	8.015201043	90.91930885	28.51384833	10.46395662	6.3822515	11.43397779	4.145109328	2.737635119	20.38783392	24.56345709	17.69301158	8.502543495	76.9513	75.6983	73.6187
CML228	74.70770078	9.240315715	75.05298681	26.58600984	8.738126622	5.244780257	12.15886492	4.162982159	2.784712262	18.96576279	27.27810903	21.57199832	9.345329639	73.0967	74.474	72.8377
CML27	61.65296053	9.036859171	85.22108137	31.07559891	12.9550868	6.69506977	12.38793491	3.789294111	2.534068344	19.48404775	23.12072635	20.07111471	8.553170224	78.6644	75.4757	71.4989
CML28	75.78571437	8.621195265	77.46421282	31.09275182	13.50172978	5.767967787	12.29595313	2.97808648	1.922437638	20.21435838	18.39601191	12.56669668	6.854196742	82.0907	82.0158	78.7508
CML286	73.18220775	8.951538685	77.15712271	26.52634752	10.63966329	6.212095869	11.15290272	3.267881652	2.071856396	18.77087051	21.89882796	15.78001701	7.970962834	76.8442	74.9192	72.9493
CML287	82.29089269	9.277506696	80.32356289	26.86791427	9.538568137	6.667576778	13.93216736	3.728380588	2.475826661	21.23807826	23.53554956	21.10172146	8.240475718	78.022	77.3678	76.1848
CML290	87.445021	9.001855895	68.86568991	27.01856161	14.79805458	6.277887556	12.10952156	3.347534633	2.024412912	21.46203161	18.8330764	13.55106096	7.89502274	77.9149	76.5887	73.3956
CML298	62.48189602	8.791836237	67.2870193	28.54367949	13.45877926	6.113750291	10.73525791	3.66785715	2.24409794	19.44718459	21.68156771	16.13986135	8.005210328	78.3432	75.8096	73.9534
CML300	93.6440408	8.658386246	83.21930884	31.33289263	15.94600485	6.312356381	12.6125827	3.815191477	2.241929552	20.0194661	24.10837162	16.50403161	8.417669272	80.9129	77.813	73.0609
CML304	79.02715243	7.991136291	71.93659095	33.76786079	13.47439763	6.726939755	12.91010835	3.1724991	1.975283126	21.11171953	22.48934101	12.23251096	8.428092422	74.1674	73.4723	70.6064
CML305	94.16803225	8.779439243	84.49695532	30.85932302	15.79372573	6.173523612	11.84931087	3.64284633	2.271329507	19.02572964	24.33164412	13.80075653	8.335773091	82.1424	77.4602	75.2922
CML307	79.17708509	8.225220701	78.05337087	33.7074527	10.6357587	6.721194951	11.91210612	3.127634649	2.069437412	19.03643801	23.05972293	15.64708161	8.099522136	80.9162	78.4624	75.5154
CML31	74.47198191	8.465868226	80.62610352	29.6645852	8.246147935	6.678108919	11.41947297	3.365270338	2.23727766	18.22260212	21.45533313	13.92178016	7.985013947	74.5957	73.6949	70.8295
CML32	74.14274834	8.284321123	80.15068254	26.57034848	12.17026366	5.551306598	11.17874986	3.578671143	1.904628272	18.21925208	23.19054186	14.46848378	7.987053012	76.7371	76.0322	73.5072
CML323	62.17518547	7.79986308	79.22713749	31.12407454	5.47277148	5.772344781	12.41715901	3.550654597	2.378975443	21.13054748	20.2371486	14.20826931	8.599883874	73.525	72.0254	69.8254
CML324	59.03664671	9.844122232	75.30775786	30.89288307	15.28222408	5.241771074	11.58574772	3.616401837	2.288076316	21.58361756	28.5835821	13.94608018	9.242587159	72.13307	70.6898	67.0362
CML325	49.04768704	8.382735445	70.38976672	30.57965593	9.850935558	6.358178034	11.8784974	3.931911999	2.558072104	20.81399788	25.62796667	20.95735075	8.56954946	70.3129	67.796	65.809
CML326	54.45188712	8.093958415	77.96465595	33.99159447	12.32644736	6.43162946	12.33309962	3.533056089	2.362506582	20.67267648	21.57123962	14.30343342	8.387888842	71.9189	69.6881	68.0403
CML327	76.67504247	8.032702681	77.83727042	32.99970851	8.513612538	5.693695675	11.0188216	3.220281564	2.138657559	16.41502977	20.33523173	17.70114819	7.784835152	74.7028	74.6966	71.1642
CML338	71.17732769	8.225220701	79.1020267	33.66419752	11.72904467	5.440103601	11.63262304	3.727468709	2.266491539	19.55043963	18.74007116	13.15740317	7.866731332	73.3109	69.0203	67.37094
CML360	92.49437309	7.722048604	74.43880661	32.812518	13.12298429	5.571686975	11.72548926	3.434755524	2.274120642	22.27036484	21.49498535	16.25382538	8.910535374	76.3089	73.5836	70.6064
CML361	65.95275975	7.789867452	74.39331178	29.11792925	8.378904088	5.270631876	11.42955559	3.439132543	2.278958609	19.10497156	20.9730748	19.45779947	8.700583348	73.2038	71.8028	68.9329
CML364	76.81205751	9.161558343	70.69913156	29.78092671	15.27831949	7.329323516	11.40461438	3.590869223	2.214204278	19.60283801	21.10218489	13.69307409	8.393844928	77.7008	75.1418	71.1642
CML408	78.53440615	9.023732943	83.15106659	35.140094	14.07960951	6.358178034	12.43127247	3.417429822	2.020127361	21.98952375	23.02739112	13.67449172	8.171980731	77.1654	82.1537	72.0568
CML411	62.37645737	8.693389522	84.83437531	34.5210975	10.33510506	5.47361496	12.04123438	3.937018522	2.549884775	21.06246104	26.4484626	17.85552463	9.342351596	73.3109	71.5802	68.375
CML412	72.42547842	8.52274855	74.79139154	30.90406976	13.0058465	6.775770592	11.0099772	3.743700157	2.538534159	18.68673451	26.24715133	15.73999345	8.989453511	77.1654	75.1418	73.5072
CML415	73.83824593	8.557751826	81.21753631	34.67398218	7.843974881	5.467870155	12.91859898	3.473236821	2.126190489	19.63794984	25.17349124	20.82155652	8.486164259	77.4866	75.3644	72.9493
CML422	57.00493775	6.958539638	63.9772704	29.95320164	13.80238343	6.000085236	12.75674644	3.181435515	1.739153109	20.9853608	24.31639327	8.271310738	7.808659496	68.7068	66.2378	62.6851
CML423	65.11896635	8.013013338	71.5612586	30.32981999	15.26074882	5.780961987	10.41740231	3.354510165	1.847635221	17.81140082	22.52899323	7.956839887	8.064771186	68.3856	66.2378	63.0198
CML426	70.64174351	8.358670692	66.69331176	27.96570083	13.8687615	5.74362076	10.85254685	4.023099907	2.504854464	17.98701804	27.6563302	18.63693704	8.913513417	67.8502	66.5717	64.247
CML428	74.50289586	8.756832961	58.89094838	27.65993148	10.5303347	5.308930571	8.95577657	3.744794412	2.508762053	17.01255665	20.73422114	13.16990895	7.156468098	74.9169	72.6932	69.3792
CML430	96.56066157	10.12196074	70.19641369	26.11094867	13.84728624	6.352706792	10.50053969	4.193621295	2.721632612	17.82639254	24.91900185	17.92699527	8.438515572	78.2361	77.4791	74.2881
CML431	85.45261692	7.778928928	75.10303113	25.71344851	16.87334563	5.830750291	11.99275406	3.915498176	2.700233911	20.62127632	21.63834338	19.27779052	8.341729177	81.3412	78.926	74.9575
CML432	52.62354779	9.214063258	74.16583763	31.85866677	4.833533866	4.876428879	12.06348822	3.586309827	2.213646051	22.03478077	23.30678676	12.10928453	7.996276199	72.13307	70.4672	67.37094
CML433	62.2992829	9.235940306	72.18681251	31.55662631	10.4210061	5.599453529	12.41004591	3.50642922	2.235602979	20.3171587	22.88098293	16.5947824	8.093062594	82.519	78.3695	76.1848
CML451	51.36546044	10.34948203	71.76598533	33.23835776	12.32700516	7.348199302	12.99395328	3.636098425	2.295333267	19.00217123	24.70986529	18.38440742	8.557637288	79.3068	77.3678	74.1766
CML454	73.59016149	8.406800197	93.83097798	32.71780408	13.60715379	6.6522573	13.72697725	3.54345151	2.257373832	22.80578319	21.89150755	15.69711106	8.060304122	75.1311	76.1435	73.8419
CML465	94.75550771	9.883500918	73.63127337	27.60847273	11.68999875	5.762633326	12.39943263	4.138908551	2.596031539	20.18223328	23.87411851	16.93593562	7.959050663	78.7715	75.9209	74.7344
CML470	66.46063178	7.820495318	72.1754388	29.54302324	16.05533345	5.071478662	10.6022503	3.637375056	2.278772533	17.26955746	24.32757722	14.01040377	8.676759005	67.3149	65.57	63.6892
CML471	62.85838377	8.312728892	66.05638414	31.77663109	10.79389471	5.055201716	11.68568945	3.756831216	2.581145486	19.12210494	20.57688397	19.60893786	7.763988852	70.4199	69.1316	67.7056
CML473	60.19669268	8.264599387	60.05106655	26.61956989	13.63839053	4.905836805	9.717810179	3.712696268	2.251791562	18.85653744	24.06017893	13.65305053	8.828639194	68.4927	66.7943	64.6933
CML474	51.81426475	7.120429791	68.89071206	29.72946797	4.029187758	4.385521677	9.096048773	3.016385401	1.844285859	12.88983535	25.17654141	8.814487662	8.544284955	72.026	69.2429	66.3668
CML479	71.21895112	9.19218621	81.5132527	33.72684295	14.93081073	6.859480596	14.20722824	3.866256705	2.335339535	26.62867021	23.67585742	18.79179012	7.900978826	73.6321	72.6932	70.2717
CML480	93.39054642	8.43086495	80.56696024	32.01975501	22.14649815	5.960965854	11.49995702	3.584486069	2.436006469	21.62786282	22.06536728	13.65543288	8.450427744	76.0947	74.5853	71.4989
CML486	80.07977242	8.890282952	75.26908726	31.1501768	9.42923954	5.974370397	14.88559381	3.966563404	2.636968185	24.61549721	22.14467172	24.9668541	8.182403881	73.9533	73.5836	72.503
CML493	77.03242981	8.870593609	68.30837824	27.28331312	12.40844381	5.937986637	11.50996536	3.673303092	2.305009202	22.43955704	18.37466071	17.60537736	7.144740427	74.7028	74.1401	70.9411
CML496	67.88046534	9.316885382	79.06790558	26.20939148	13.48220682	6.29006107	12.37561673	3.549469912	2.200992906	21.19738647	22.2087253	14.41635705	8.014144457	79.521	77.7017	75.2922
CML497	74.76102734	9.253441944	73.92698977	31.23967027	7.293427302	5.17775754	10.88933956	3.62716201	2.249930806	20.413534	24.88311499	14.14429211	8.944782867	78.5573	77.4791	74.9575
CML50	98.25596051	7.726424013	74.65490705	25.76565303	8.800600106	5.570455946	10.24582093	3.703942229	2.266677615	19.07927148	21.3028246	14.82755151	8.118375959	74.8099	75.9209	72.7262
CML51	78.45447151	8.52274855	79.93230735	37.31031064	13.53017753	5.99543468	13.49419261	3.293596642	2.111118361	23.02209221	22.45090886	17.04218865	8.862886687	74.8099	72.9158	69.7139
CML69	61.92710103	9.561908317	84.81162789	28.49520386	10.61623574	6.439699542	13.06099384	3.499681315	2.355063555	19.66823166	25.43580592	18.73699595	8.859908644	74.1674	73.2497	70.1601
D047	75.44113424	7.641103527	74.24545358	30.24778431	9.718179404	5.084883205	12.073428	3.148790244	1.930624967	22.49738222	21.06491128	12.45377306	8.023078585	66.8866	64.9022	62.3504
D863F	57.77690325	9.209687848	73.56303113	33.29429118	7.422278863	5.767557444	12.78327964	4.111187427	2.566073358	23.6024857	26.41369065	19.23681402	8.566571417	70.8482	69.1316	67.37094
DAN3130	44.63692883	8.18802972	59.89638413	26.01921786	3.04132579	5.380740624	11.21251398	3.407581527	2.052876678	19.44718459	24.97523014	9.829370863	8.307251836	68.1714	65.4587	63.2429
DAN340	63.4882555	9.752238632	72.07307544	27.14161513	8.585847504	4.847431295	10.76551795	4.267848253	2.501877254	21.31089516	21.20033886	11.17301904	8.465317958	72.4543	71.2463	69.8254
DAN360	68.42598615	8.260223977	76.50882138	31.08678559	5.946342801	5.629682142	12.12614063	4.221889547	2.611963222	21.41879455	23.15732839	18.62740762	7.686559736	70.527	69.5768	66.1437
DAN4245	74.55622242	8.726205094	73.93381399	31.40597897	9.20277316	6.426294999	11.1621009	4.303958665	2.434145712	23.83378642	23.57251474	18.09534319	7.126687668	72.9896	71.0237	66.1437
DAN598	47.67422441	8.422114131	66.18149492	30.60575819	9.921218227	5.788621727	10.25820309	4.678011464	3.059732093	18.50958635	20.88068097	17.16940641	8.157090517	70.4199	68.7977	64.9165
DAN599	66.25582686	9.314697677	73.59715225	26.23922264	4.624359254	5.007328347	12.19388874	4.134713907	2.887053877	18.20483972	24.66289266	25.08978361	8.259832997	69.9916	67.796	65.6974
DE.EX	62.38014369	8.895325069	71.12167123	27.93932602	9.576792227	4.911874212	11.80135387	3.75377456	2.543080399	18.70927209	27.12033015	17.38088422	8.523545081	76.6301	73.0271	70.6064
DH29	54.44747084	8.835590332	65.31709315	28.55113728	8.429663794	5.99543468	11.70780045	3.790935493	2.586727756	18.98310681	25.04538407	14.66078666	8.910535374	69.1351	67.0169	64.6933
DH3732	70.11852491	8.295227254	74.46837825	26.37346285	13.0097511	4.927858555	12.3746683	3.792029748	2.124329733	23.28980138	23.0964213	11.69006386	7.671669522	69.3492	68.1299	67.37094
DONG237	28.67428997	7.705640818	62.43385828	26.93652593	4.966290019	5.215235549	11.09046125	2.982645875	1.923368016	18.79014557	16.72320108	11.68999006	7.42943718	67.9573	63.7892	61.4579
DONG46	61.52686201	6.781071762	57.802487	26.87292062	10.93318315	5.003332959	11.80951891	3.930278803	2.707904063	19.10332078	19.66422259	16.17989435	7.425980981	66.03	63.1214	58.1108
DSB	63.00213363	7.840184661	75.63532064	32.04884039	10.92079397	4.95179524	13.27149059	3.502416952	2.28063329	23.062784	22.4801905	16.54761177	8.316415812	66.4583	65.3474	61.5694
EN25	79.77836141	9.043422286	65.32846686	25.12055427	8.257861714	4.935518294	12.91116968	3.889783186	2.341480032	26.75502894	21.97325212	14.48837027	7.433426089	67.529	65.7926	63.5776
ES40	85.74784514	8.275537911	84.39080072	35.8262106	8.61513195	5.870963921	12.09076302	4.313077455	2.992372703	20.68552653	22.15077206	17.99131886	8.968607211	72.5614	69.6881	67.25937
FCD0602	71.30021064	8.726205094	74.91650232	30.62813156	5.317703367	5.605745458	11.99701237	4.092220342	2.378695164	22.83790829	25.41445472	21.24323334	8.238986697	67.9573	68.0186	65.028
GEMS1	68.7033951	8.489806675	74.75542303	28.52705586	8.59246967	5.846884505	12.18434375	4.010914407	2.347381306	22.47448456	23.29354261	14.02812083	7.504120729	71.647	68.1058	64.3259
GEMS10	50.85577937	7.964719299	68.87087017	31.90142167	4.937301678	6.232254368	11.36210019	3.67846578	2.204483715	19.89653579	22.3403134	14.35172087	7.640359511	72.7707	69.7107	66.7437
GEMS11	65.0929761	7.53298079	73.7120626	35.61322407	6.314877555	6.179865378	12.03219027	3.697926187	2.219277819	22.08228381	22.1020061	14.64529618	7.603538218	69.7742	68.1058	65.1318
GEMS12	77.71715628	8.513143891	70.41504362	31.29403583	14.2497146	6.801429675	11.27603357	3.817283353	2.219277819	24.33853983	23.53184991	17.02058726	8.41972096	73.5199	72.1181	68.3556
GEMS13	90.68535303	9.178254567	76.33437516	33.55486092	12.33947605	5.68261394	12.78834696	3.592515647	2.085122199	22.67278831	22.57862071	13.28751041	7.539704325	74.269	72.1181	69.5645
GEMS14	68.66214821	9.39606859	72.83563983	35.00583822	8.996558594	5.539654152	13.49839653	3.942802981	2.628133042	20.62364955	22.57862071	21.41420854	7.861287264	70.5234	66.0997	63.9229
GEMS15	69.20274571	8.909876575	74.31721165	28.12213196	13.58847818	6.37255031	10.88412309	3.247093415	1.918688535	21.0863583	23.77015721	8.243352939	8.255275092	73.8944	72.9206	70.3704
GEMS16	61.49923138	8.618161367	67.07629022	34.12850311	8.81288181	5.788279871	12.80217909	3.952533184	2.478510859	24.12701583	23.05523531	21.70444776	8.553527559	69.0251	66.5009	63.117
GEMS17	70.32079962	7.595213368	82.91450165	29.92741767	8.555734313	6.420499556	12.64080419	3.451427693	2.160773864	25.18463584	20.6721623	16.74035629	7.551988409	74.6435	70.5132	68.7586
GEMS18	74.9465941	8.87487075	77.65596505	36.51080537	12.27335241	6.205971079	15.87291298	3.962263388	2.458337082	26.3083571	22.57862071	23.79617179	7.78764468	72.3962	70.11197	66.3407
GEMS19	82.47195698	8.676504408	81.55813308	33.62234824	10.83332643	5.825573729	12.63619348	3.665492175	2.216251752	23.06939582	22.57862071	16.6803068	8.255275092	76.5163	72.1181	69.9675
GEMS2	52.97867765	8.135858888	70.70718454	27.4472588	6.204671485	5.558301081	11.29447642	3.490348508	2.090165643	22.32906181	20.6721623	12.47684224	8.091040048	67.9014	66.5009	63.52
GEMS20	79.16079732	9.644998901	79.78442034	30.65290632	12.02722552	5.962317874	13.19408957	3.957398286	2.614683857	18.36298677	23.53184991	23.74613055	7.957022624	75.7672	74.1242	70.3704
GEMS21	50.22391217	8.011393733	70.41504362	34.09475945	8.849617167	6.875129441	11.3682478	3.684952582	2.239451596	21.0599178	20.6721623	17.81442099	7.482027954	73.8944	72.9206	68.7586
GEMS23	64.02283878	8.236986827	77.32208971	31.83393435	9.988413225	6.665928658	12.42563765	3.822472795	2.178930264	24.55006383	22.3403134	18.17046564	7.080675868	72.7707	70.11197	67.9526
GEMS24	72.09002779	8.948771936	73.46165609	34.63465798	11.27415071	5.831789372	12.2073973	3.932099757	2.253573241	23.24125907	23.29354261	20.04307844	8.365738969	72.0216	68.9083	67.1467
GEMS25	77.6618679	9.39606859	73.98333631	33.11619337	7.563879682	6.179865378	13.65516073	3.80949919	2.258280455	22.06465681	23.53184991	19.87627429	7.834456884	70.5234	68.9083	66.7437
GEMS27	74.33227877	8.559818325	71.02019267	33.14993702	6.792437192	6.130140234	13.3646859	3.329800146	1.938862312	24.58972458	19.7189331	11.79628131	7.161682711	72.3962	70.5132	67.5496
GEMS28	65.58197111	8.431463633	70.66545012	30.68664998	5.958019804	6.06301129	13.41540373	3.422237082	1.964079534	25.71344584	20.433855	12.88718045	6.811880434	72.3962	69.7107	67.9526
GEMS29	62.82000935	8.473276146	64.73916284	31.69895972	5.380749913	5.521007223	10.26167704	3.552621812	2.013505289	19.68501179	23.53184991	14.13821157	8.111672052	70.8979	67.3034	65.1318
GEMS3	74.49814391	7.18292254	71.12452871	27.31228417	3.486255088	6.515510098	10.89334452	3.456292795	2.241468974	19.01518578	19.2423185	12.71704022	8.16690399	74.269	72.5193	69.1615
GEMS30	54.64347222	8.155306569	71.39580243	34.09475945	7.857762536	5.97474916	14.19922469	3.642139686	2.15573042	25.07887384	23.77015721	16.48014182	7.761869775	73.1453	71.7169	69.5645
GEMS31	56.94715473	8.933213792	62.81937964	32.4413202	8.37205753	5.97474916	12.6039185	3.821175434	2.324181462	22.59346681	25.67661561	14.7787395	8.983779815	69.3997	67.7046	64.7289
GEMS32	78.38061684	8.816527709	71.0827943	34.56717066	9.657795014	5.259950218	14.21459373	3.509808915	2.137237791	23.33380082	21.8636988	13.04397635	7.957022624	72.3962	69.7107	67.9526
GEMS33	103.3648216	8.789300956	79.38794337	33.52111726	12.48641748	6.217159236	14.2822175	3.934045797	2.069991866	25.87208884	22.57862071	16.29999334	7.393656852	77.64	77.3341	73.1912
GEMS35	84.00897396	8.672614872	71.41666964	30.14675145	7.637350396	5.164229317	13.73815353	3.573055239	2.059904977	26.4405596	23.53184991	14.97890448	8.314189159	71.2725	69.3095	66.3407
GEMS36	93.11804176	9.489417457	75.3814393	30.61916266	11.78319779	6.117708948	14.94154925	4.040105018	2.347381306	25.51514209	24.24677181	21.794522	8.148493344	72.7707	70.11197	67.1467
GEMS37	80.00855248	9.162696423	80.76517915	34.36470872	11.27415071	5.949886588	13.21714313	3.971993592	2.201121419	21.81347206	23.53184991	20.29328466	8.137446956	72.7707	71.7169	67.9526
GEMS39	90.33080533	8.567597397	81.64160192	34.73588896	7.395946623	5.448195405	14.71101367	3.720954336	2.089156954	23.98159308	23.05523531	16.71033154	7.960704754	70.1488	69.7107	67.1467
GEMS4	76.41393017	7.229596973	74.83889187	32.98121873	5.874053274	6.749040684	13.27708238	3.871772494	2.316111951	23.42634257	23.05523531	16.25996034	7.850240877	72.3962	71.3157	68.7586
GEMS40	93.15490068	8.742626522	76.61260461	33.95978482	14.06603782	5.887730158	14.43437098	3.840635842	2.085122199	26.77106585	22.81692801	20.11647226	7.700863998	76.5163	73.3218	70.3704
GEMS41	75.56090944	9.240487145	78.92886478	33.8922975	10.79659107	5.707476512	13.09265392	4.001184203	2.43311986	21.68126956	22.57862071	19.21239378	8.152535186	72.3962	70.9144	67.1467
GEMS42	86.69230335	8.299219405	76.92561274	32.61003849	13.84562568	6.024474304	14.0424605	3.986588897	2.221295197	26.77106585	27.34476672	21.3641673	8.432444092	71.647	69.3095	66.7437
GEMS43	82.15251301	9.310498795	71.54187289	30.59216774	7.54918554	6.15997532	14.52812211	4.093621138	2.228019789	25.80158085	26.15323021	19.36918968	8.929104741	74.6435	72.1181	69.9675
GEMS44	61.9808546	8.8048591	67.53536881	31.8001907	5.317775016	4.686867937	13.29091452	3.977831714	2.450267571	23.25447932	24.48507911	19.39254226	7.993843917	68.6506	66.0997	63.52
GEMS45	60.61900526	7.867480896	73.50339051	37.57035624	10.75985572	4.720077229	14.7967729	3.780308579	2.374615905	24.70870683	24.00846451	19.90296295	8.4621314	68.276	66.9021	65.1318
GEMS46	52.40122124	8.772770427	74.72412222	29.47187829	7.931233249	5.315891005	10.22786515	3.772524416	2.268367344	18.06773452	24.72338641	12.01646279	9.007105557	72.0216	67.7046	64.7289
GEMS47	56.39163815	8.699841625	69.58035527	29.80931487	7.563879682	4.901218824	14.13928544	3.813391271	2.179938953	26.40089885	24.48507911	15.97972937	8.181632507	66.7778	64.4948	61.5051
GEMS48	68.74815236	9.730568696	72.96084308	35.45800324	5.417485269	5.222656361	13.77811303	4.218167746	2.412946083	24.12701583	23.53184991	21.0906085	7.905472815	70.8979	68.9083	67.5496
GEMS49	81.70406281	8.279771725	72.91910867	32.4413202	5.952771896	6.067983805	12.03833788	3.899017064	2.412946083	21.92364081	22.3403134	18.46177511	7.371564077	72.0216	70.5132	68.3556
GEMS5	66.74197398	9.057678948	80.80691357	33.85855384	10.53944358	6.430266995	13.04193609	3.894151962	2.547101703	20.51788754	23.77015721	26.5184155	7.780280421	69.7742	67.3034	65.5348
GEMS50	70.37784318	8.236986827	71.24973197	25.49012663	8.041439319	6.121260744	12.59008636	3.801715027	2.256599307	22.34228206	24.96169371	17.47095846	8.192678895	72.7707	69.3095	66.7437
GEMS51	81.05288856	8.349783375	79.63834988	33.8922975	5.46996435	5.906377087	13.18794196	3.911990669	2.32552638	26.33039085	23.53184991	18.76869474	8.163137796	73.8944	69.7107	67.1467
GEMS52	66.67176652	7.595213368	75.73618185	32.0363963	6.718966478	5.732339084	12.16129019	3.743333805	2.316111951	20.10805979	22.57862071	16.17989435	8.309453815	72.7707	70.11197	67.5496
GEMS53	54.39774608	8.610382294	73.19038238	30.41670071	8.81288181	6.49686317	11.76015829	3.827662237	2.412946083	22.21007956	23.29354261	16.9138326	7.817492708	71.647	67.3034	65.5348
GEMS54	69.62048013	7.960829763	64.19661541	31.29403583	9.5843243	5.291028433	14.2453318	3.4708881	2.127823361	26.68293085	20.1955477	16.52684698	7.976531859	73.5199	70.11197	67.5496
GEMS55	74.87199867	8.750405595	57.4773742	25.52387028	8.041439319	5.061049644	11.64950121	3.675222378	2.301990306	21.2185608	20.9104696	16.00975412	7.529101715	68.6506	66.9021	63.9229
GEMS56	69.67576852	7.595213368	70.33157478	33.45362995	6.886899537	5.51479158	12.62236134	3.782254619	2.286859973	22.80499082	29.01291782	17.78121418	8.192825104	72.0216	69.3095	66.7437
GEMS57	73.78553812	7.808165471	72.59566693	34.33096506	8.247157317	5.402910007	13.71971069	3.534134425	2.088484495	25.80158085	25.91492291	14.21827756	8.625411595	70.8979	67.7046	64.3259
GEMS58	66.29089101	8.579266005	71.85488102	29.97803316	10.20882536	5.676398298	12.9666278	4.100107941	2.493641192	23.15753082	25.43830831	16.20658301	8.633893683	70.5234	66.5009	64.3259
GEMS59	77.4898596	8.937103328	70.20637153	33.38614263	4.367903649	6.049336876	15.37034542	3.788741422	2.363184098	26.15412085	24.72338641	19.4626	8.892283448	72.7707	69.7107	67.1467
GEMS6	67.07721464	8.637609047	78.30284852	35.91691699	12.78030033	5.63910444	13.05269442	3.767659314	2.231382085	23.53210457	24.00846451	17.04727593	8.520388396	70.8979	68.9083	66.3407
GEMS60	73.69339082	8.5248125	73.67032818	34.06101579	8.849617167	4.762698781	12.8467493	3.688195983	2.123788605	22.65075456	21.8636988	16.33335416	8.35837471	69.7742	66.9021	64.7289
GEMS61	89.26014146	8.085294919	71.04105988	32.8462441	11.64150428	5.869083229	13.54911436	3.945722042	2.382685416	25.67378509	19.4806258	18.34167612	8.001978123	72.3962	70.5132	68.3556
GEMS62	84.3271893	7.599102904	70.08116828	32.10388362	6.503802246	5.085912215	12.17512232	3.611003034	2.166825997	20.38568504	22.1020061	15.96187617	8.11903631	69.0251	66.5009	64.3259
GEMS63	62.77700728	8.190312394	69.91423061	31.3952668	8.4822636	5.980964803	11.40052279	3.917504451	2.354442128	21.5094063	21.6253915	15.72822187	7.780280421	73.5199	69.7107	66.3407
GEMS64	70.26551124	7.606881977	68.87087017	31.21979978	10.90679714	6.289971054	11.07930988	3.67846578	2.106977124	24.56769083	19.9572404	20.1954696	7.465486054	74.6435	68.9083	66.7437
GEMS65	71.74250082	7.669114554	71.06192709	31.96890899	7.380202899	5.604474429	12.14284734	3.918477471	2.421015594	20.7955128	21.3870842	18.54876309	7.391267784	72.7707	69.7107	65.9378
GEMS66	64.77440972	7.921934402	70.15072564	28.86449244	7.967968606	5.980076854	11.77860113	4.210383583	2.660074857	19.76433329	24.24677181	21.94464574	7.401870394	72.7707	69.7107	67.1467
GEMS9	65.0008288	7.455190068	73.46165609	34.73588896	11.01700321	6.049336876	13.06037894	3.719008295	2.07503531	24.58972458	22.81692801	15.47931692	8.332779557	72.7707	71.7169	67.9526
GY1007	58.3817126	8.90778459	62.75042648	29.57937996	15.40131416	4.983528444	10.88121729	4.028571182	2.729075639	24.95610827	21.27232289	23.08002899	7.449805325	71.4785	67.6847	64.6933
GY1032	64.01048044	8.191858203	67.06295726	31.84375119	13.70476861	5.084609643	11.31068684	3.328977551	2.095115853	18.79657059	20.6775396	15.06673994	7.223474063	73.2038	69.1316	64.0239
GY220	63.51346984	8.343658974	67.70599244	29.12101848	13.88052884	4.740500056	11.97366707	3.537813679	2.214870488	21.94567456	22.66872192	12.82713095	8.082215018	70.8845	68.6119	64.3968
GY237	55.38431829	7.306134669	65.71105936	27.88648611	7.848158682	5.953438384	10.67238311	3.867708516	2.441503025	19.24593382	21.70981054	13.57774962	7.636677381	67.2548	65.5513	63.9123
GY246	74.96086374	8.979335134	76.15979743	35.71255668	10.48700193	5.809590647	12.46431512	4.179246931	2.081190831	27.84631286	23.53184991	18.55518543	7.721366354	69.2906	66.0348	63.1043
GY386	73.40543764	8.912127082	71.15111673	32.24818024	9.928637993	5.275045351	13.34456242	3.719981316	2.319801832	22.43482381	24.00846451	18.02141215	8.999065196	67.9573	65.0135	61.9041
GY386B	71.54437705	8.463542595	68.03037027	32.28960307	10.49456873	5.662230592	12.57523167	3.86852104	2.386102356	21.43557413	24.93624004	16.17130032	8.277367867	70.1526	67.8678	64.5694
GY462	61.23186837	7.498355791	68.88843732	32.6603791	10.95649311	5.864535211	13.86552511	3.721450307	2.464476045	21.48849603	22.74494531	21.25180982	8.131777152	67.7432	66.2378	61.5694
GY798	67.38000836	7.486756309	73.68343032	34.27531121	13.14624203	5.154639468	12.28242728	3.634704236	2.365799133	21.3507633	19.7189331	16.07870332	6.955483474	73.5143	67.3234	62.2426
GY923	54.98865042	7.962813345	62.59228944	27.86246797	9.026077115	5.993396089	11.98377195	3.529642187	2.446054842	24.78802833	21.1487769	15.49456757	7.367881948	72.7047	70.13327	66.1437
HB	51.6945836	6.934474886	55.09213006	25.22123442	6.786806392	6.124692776	9.563033157	3.475972459	2.18666508	18.59739496	20.42132526	10.72275396	8.757166164	65.6017	64.5683	60.5653
HSBN	43.81031189	6.715704409	65.69621674	26.43312516	8.269575491	4.685892871	12.31983302	3.46065289	2.280075063	22.14186444	19.03959793	12.27366702	7.915869041	64.531	59.8936	56.5489
HTH-17	35.31791862	8.006450224	58.44737379	28.49573656	4.099470428	5.232333181	10.47754424	3.506976347	1.931741421	19.77578625	27.42967861	8.89072302	8.331306027	71.0624	66.9056	64.6933
HU803	44.09781162	9.008419009	70.60586716	26.22803596	6.485176601	4.491663775	13.07426044	3.749536183	2.395069823	19.34341565	25.69690053	13.29093258	8.797369743	72.026	70.3559	69.3792
HUA83-2	57.31783109	8.612444446	61.68888044	34.39058619	10.40148314	5.375679725	11.76371012	3.013670786	1.905826119	18.47867444	19.93858153	9.054021103	8.236008654	78.8786	76.7	73.3956
HUANGC	45.44687432	7.277944535	63.75320836	29.2223383	8.363285717	5.212226366	13.26993272	3.837213751	2.194854968	15.78109444	25.32357031	13.67169715	8.398070092	74.7028	70.8011	68.375
HYS	43.60131151	7.516404355	59.00468546	25.82158645	6.083003548	4.471146617	10.38226078	3.429716503	2.154978168	18.60550315	20.42952075	9.414318065	8.235154088	64.9593	62.8988	60.5653
HZS	48.25927091	7.090895777	60.65955991	25.98864093	10.98326746	4.722960537	8.934714748	3.621953285	2.269121445	15.9695617	20.37300539	8.484088121	8.831617237	66.7795	64.1231	61.2347
IRF291	51.99831316	9.030296057	64.98043141	29.65116118	5.079523209	5.824048019	12.51175652	3.711237262	2.128981624	19.48618942	23.62400451	15.51843444	8.140711281	70.6341	67.4621	63.3545
IRF314	45.10759372	7.789867452	64.91901338	27.30941539	3.792959896	5.327122451	12.6214271	3.428189995	1.867731393	20.44137576	23.44709461	11.20398966	8.195805074	67.1007	66.5717	64.3586
J4112	55.19726051	8.828117017	65.04117408	25.33095607	4.68008987	5.263502014	12.75960216	3.638206305	2.241223109	25.07446709	25.56697441	15.90299946	9.047314018	69.9916	67.3508	65.4743
JH59	56.22060668	8.505246912	74.7231493	31.49447658	3.993070275	5.861115685	13.84549223	4.000485306	2.593798631	23.18121444	22.73030449	20.86682126	8.121354002	72.026	69.5768	67.9288
JH96C	65.77202355	9.728173879	77.41871799	32.46312058	8.898214925	6.029903505	16.59503968	4.15769326	2.834394464	25.39934968	26.5289871	30.61017646	8.402779057	69.6704	68.6864	66.3668
JI53	37.22232834	9.62316405	60.38090407	31.53798184	6.975481892	5.54898132	10.82247589	3.934830012	2.384835661	20.12744767	27.69598242	12.2379317	8.962651125	68.1714	66.0152	63.3545
JI63	49.65967284	8.04582891	61.01783169	30.00167727	7.578462573	5.222621726	11.83427539	3.671114582	2.433401409	19.63610656	20.44267646	13.34572674	7.923314148	70.3129	66.1265	62.7967
JI842	38.20701364	7.117627509	56.33436274	30.24798242	4.992598843	5.006174395	15.05116433	3.147916739	1.729742699	23.59820582	20.1955477	13.66782386	NA	69.9481	68.0392	65.8329
JI846	59.78310819	7.599537136	70.24190852	32.91767283	6.225521183	5.923761408	16.43867067	3.575914406	2.115212025	23.03708392	27.45278732	17.09793576	8.761125004	69.6704	67.0169	64.4702
JI853	58.68367564	9.039046876	63.00823052	28.3311325	8.699080694	6.001042703	11.52680683	4.241495942	2.724434343	19.8103759	25.80098644	16.00975412	9.118998378	71.7048	69.4655	67.9288
JIAO51	99.20761841	8.45847273	69.06784713	28.83074878	17.29700222	5.699484971	11.77606053	3.914869703	2.589796409	19.96943397	18.41126276	12.99112862	8.002232285	78.2361	77.0339	74.065
JY01	77.51689557	9.601287002	67.70557174	30.13218858	6.659767678	5.772755124	13.12202021	4.249610671	2.454241884	23.12275085	26.1464957	17.82931872	9.634199802	70.4199	69.3542	67.0362
K10	38.58397743	7.523332087	62.00355301	33.27564671	6.465653638	4.94796537	11.13608481	3.555557492	1.943092036	16.21371247	23.07353584	12.86716395	8.445960679	64.531	63.4553	58.2224
K12	54.98669845	8.23834693	62.31443436	32.84309494	3.384929953	5.603009836	10.88792446	3.492386282	2.3746015	17.78355907	17.85714841	10.57981267	7.994787178	74.0604	71.0237	69.8254
K14	49.51761703	7.125513029	65.30618364	35.77404312	9.653280436	5.204009432	12.84828621	3.407782917	2.172541901	21.02025705	24.00846451	11.68952666	8.177950378	72.0156	67.3234	63.6787
K22	44.00816117	8.872781313	60.60837822	29.29691619	7.285060317	5.245737724	11.07100357	4.499830291	2.738007271	18.18619367	25.60051514	16.48328819	8.227074525	69.8846	66.3491	62.9082
L3180	57.78552049	9.059562182	75.38848545	42.75225938	6.368038819	5.368108499	14.3894229	4.24924592	2.823974227	21.75027868	25.33210011	19.04193738	8.454894808	70.3885	66.4103	64.5831
LG001	59.77085302	8.037078091	68.70873274	28.07570322	5.872155539	5.520530861	11.66729309	3.407626703	2.104047485	21.49507907	22.05224346	14.3120099	8.316415812	70.527	69.7994	66.2553
LIAO138	68.34251848	10.4698058	75.50793512	31.35452022	9.530758951	4.931688425	14.15797629	4.347364109	2.439473342	27.43791554	26.87243633	19.8709969	9.272367588	67.8502	65.9039	63.0198
LIAO159	53.35852695	8.662761655	73.15357765	38.75637596	5.825300426	5.495636709	14.5105912	4.274049031	2.720330082	21.08442795	28.0833541	19.992497	8.502339861	70.9553	68.1299	66.0321
LIAO5114	47.44700688	7.846747776	63.45180511	26.84330356	4.261232127	6.048095385	12.39854819	3.47633721	2.222019456	25.35048458	19.43612012	11.76622542	7.68060365	70.6341	67.9073	65.809
LIAO5262	66.30992628	9.583785364	72.2573295	28.20509586	9.722083997	5.910220083	11.67861393	4.706097339	3.068663725	20.77119346	26.98834281	18.58452524	8.489142301	69.7775	68.0186	65.2512
LIAO5263	60.07767397	9.152807524	56.85732947	22.29756799	4.827398077	5.591383447	9.846761548	4.315083589	2.605893549	23.17710167	23.59411284	13.00552646	7.909912955	71.9189	69.5768	65.028
LK11	45.812763	7.389517478	56.08164262	30.22913984	7.555035017	5.27500887	13.37263153	3.242472584	1.889688321	20.37284221	22.82338504	11.34924619	7.900978826	68.7068	64.7909	62.2388
LV28	50.48043821	7.070112582	58.62935311	20.59740515	9.155918047	5.967668126	11.51145475	3.472324942	2.077810817	19.98948267	20.24746553	10.98004829	7.332172629	71.1694	68.6864	64.9165
LX9801	55.36826492	7.730799423	69.50261753	31.54171073	7.617508501	5.423553094	10.23343877	3.899813856	2.524578484	19.26773874	20.35422151	15.66000261	9.680359467	71.2765	68.5751	66.59
LXN	69.87971464	9.726533101	65.01682727	31.34035042	10.24920402	5.701492195	11.94748373	3.924252215	2.51490255	21.75316115	27.31532111	20.55568571	9.242587159	74.3816	71.9141	70.9411
LY	74.45961633	8.917264644	66.07609857	26.8209302	7.804928953	6.22522685	14.59195969	4.156234253	2.91608168	22.25471105	27.07374759	23.86620612	8.968607211	74.0604	70.8011	69.3792
LY042	60.22451523	9.981947633	72.24368105	31.11661675	4.301393653	5.717769141	15.39414688	3.433843645	2.222019456	21.6535629	26.21969979	13.58872694	8.623154233	69.7775	68.2412	65.1396
M153	67.87726354	7.927692852	67.22787602	26.55244979	10.64747248	5.883410997	11.29214906	4.262741823	2.568953881	18.72080198	25.71625794	15.29916844	8.547214138	71.2765	68.7977	64.9165
M165	65.90804493	8.454929702	65.21472978	28.4019815	9.936836598	5.686172717	10.98226609	4.361733621	2.657115376	18.12701301	27.096122	17.10065325	8.432559486	70.8482	67.9073	64.4702
M97	63.64437094	8.610256741	69.82108134	32.92513062	6.396486566	5.579893838	11.96131666	4.238460816	2.523914857	21.33808537	26.95490785	16.38005933	9.00881079	67.3149	65.6813	60.7885
MN	57.63779047	7.33755949	76.2671301	30.58338482	9.847030965	4.471146617	11.30696955	3.980708587	2.401974094	21.3640276	21.76645055	12.99727119	8.353641349	60.2482	57.5563	55.2101
MO113	40.91047298	7.579847793	60.33540924	28.82334658	2.684055553	5.209217183	13.17950882	3.282289342	1.921135108	23.86162818	20.75684404	11.78051955	8.033501736	62.8179	61.0066	57.7761
MO17	55.41971457	8.301790368	61.41591146	33.04072635	4.084688755	5.213183833	13.34843688	3.320953015	1.879268084	23.10561747	23.57787212	12.05639625	9.013277854	71.1694	67.0169	64.8049
NAN21-3	71.18699043	8.919545406	70.88626747	30.59084261	11.19467326	4.84278074	12.22431348	3.560412461	2.226113121	22.9257169	25.37734396	15.08246349	8.828639194	70.6341	68.0186	64.8049
NMJT	60.4412441	7.310760107	72.62128814	28.67046191	10.00321467	5.207302248	9.823573206	3.45960082	2.092690156	21.41879455	19.9572404	9.734582031	7.613597685	66.6724	65.1248	61.681
P138	64.5716514	9.000755136	70.06179328	28.84944884	7.33247323	5.248768154	11.10019009	4.03039494	2.529788603	20.3899756	24.61478751	13.73881531	8.520411752	73.7947	72.8529	69.1787
P178	57.58479513	9.835371413	61.19981102	21.51844211	6.11424029	4.698339947	10.13966552	3.390349832	2.186709613	17.66148369	19.99105471	11.32309474	7.632187213	73.2038	71.9141	70.8295
Q1261	62.16072216	8.944975571	64.97588192	29.27560823	6.465653638	5.453508145	11.45042838	4.208758488	2.885565272	21.66641294	23.00481986	20.82155652	8.797369743	68.9209	68.2412	66.3668
QI205	55.21722819	8.745894437	75.91738859	32.99225072	3.384372154	5.831707758	12.14206055	4.081460169	2.728145261	21.13527794	18.80168461	17.97702473	7.114775497	73.0967	70.24457	68.375
QI319	58.06937129	8.030514976	74.4274329	31.11288785	8.004063184	4.963695191	13.72733103	3.998479172	2.600497355	24.62750661	24.53112528	18.97475497	8.922447545	68.5997	66.2378	64.4702
QTHHSBTS	40.67994324	6.225622649	55.89359694	28.3628281	5.501219227	5.011158217	11.00024835	3.092071365	2.078741195	20.59985959	16.01992892	9.336223392	7.026537998	61.2118	58.7806	56.1026
R08	70.45471411	9.803649694	71.42477411	35.89519515	5.079523209	5.830750291	13.16093557	4.081460168	2.402512849	24.69045578	24.39874788	19.59702608	8.018611521	71.7048	68.5751	67.1478
R15	41.61045313	6.699296623	57.73462145	33.77531858	5.965865765	4.538169333	13.60315563	3.331895564	2.168987892	22.13115607	19.51949145	13.12457954	7.701449951	71.4906	68.909	66.1437
R15X1141	56.30926347	8.166152672	72.28917588	34.55465755	3.477664031	5.143288715	13.29360159	3.81592098	2.545046808	24.24927106	21.54073791	18.88470196	7.677625607	68.8139	67.4621	65.9206
RY684	72.05373817	8.247644675	66.31797941	33.23462887	7.152861963	5.059031586	11.88911068	3.680233373	2.128981624	19.14352168	18.92979178	14.01993319	7.157957119	71.2765	65.9039	62.0157
RY697	32.41896297	7.378765406	65.72654662	29.81523254	8.129010152	5.671810707	12.84430601	3.386608309	2.099209518	24.18596642	18.34110883	15.2563754	7.268464459	68.2785	65.3474	62.7967
RY713	62.38963213	8.110531043	64.26086815	28.90005159	9.260640959	5.191578146	9.685338094	3.869826453	2.377641972	19.63213079	24.00846451	13.31753515	7.338424914	69.8356	67.896	66.8382
RY729	59.26129409	8.749707623	75.95073434	27.05545848	15.52247575	5.661480754	12.46431512	3.54872973	2.085982216	24.90260384	19.7189331	14.1115229	7.423113886	71.7431	70.0436	68.2743
RY732	46.5866385	6.946291556	60.21211097	27.36289067	11.67256918	5.375561178	9.825196345	3.960641687	2.601234672	18.66264578	17.81247469	13.12404234	6.414210478	71.3343	66.797	62.9606
RY737	45.28766748	8.652918061	67.74727533	25.23615	2.382425763	6.315228783	10.75172068	3.496033798	2.428563442	18.42102502	21.67189526	11.80196075	7.876015781	69.2422	65.7926	62.462
S22	79.59923001	9.536918973	59.92352265	27.08428025	7.42492392	4.597057469	12.38260434	3.665492175	2.281816529	23.59820582	23.09370929	14.58858277	NA	71.206	70.27588	67.7426
S37	48.79485509	8.877885958	61.07849147	27.99926088	9.545261724	5.7981964	11.40620637	3.852899307	2.353202799	18.21112684	24.27064071	12.2379317	7.954583598	74.2745	73.361	70.3833
SC55	89.92752159	7.743925651	67.52359241	22.13743861	17.85144612	6.134130668	9.922115847	4.1890619	2.476012737	17.73001723	20.13460921	13.1313148	7.053725617	77.2725	75.3644	73.5072
SHEN135	46.45599397	7.205750277	64.99862934	25.25479447	4.155110874	5.213867738	11.05950584	3.511353367	2.196341014	20.6952944	21.29550419	11.22447791	7.387266423	66.3512	66.4604	64.3586
SHEN137	69.87971464	8.682450998	73.19907248	30.91898533	9.249628273	4.662640092	12.76293752	4.003768071	2.402140698	24.03607794	21.60601157	16.31318804	8.755677142	68.8139	67.3508	63.8008
SHEN5003	37.44755855	7.702359261	60.35815666	27.02974829	9.753320738	5.120993403	10.91767818	3.477796217	2.106652545	18.80085393	18.93894229	8.733487595	7.512344226	72.4543	70.022	66.59
SI273	68.3031032	8.198968244	61.12019506	26.85449025	10.44833825	5.673725641	10.30525531	4.254352443	2.654831449	20.43280907	23.57337168	13.64590346	8.317904834	65.9229	64.457	62.2388
SI434	34.71280709	7.1672847	59.07232448	30.23546015	6.665141034	5.570732367	10.20020088	3.837905716	2.278454233	17.60502577	22.1020061	10.52189762	9.278907017	71.4706	66.3212	62.9606
SI444	43.50298129	8.212460691	63.05744336	31.26204364	7.310161271	5.319873055	11.40443749	3.502234576	1.948116079	21.37514536	24.07847995	8.88595831	8.404330502	66.8866	63.7892	59.3381
SI446	56.70321119	8.545283131	68.64824866	30.92285558	8.31728637	5.688829583	11.94559796	3.655716646	2.308302506	23.92871208	20.9104696	13.07733718	7.290557234	72.6968	66.4643	64.2532
SW92E114	74.49781714	9.301571449	76.62255846	34.3793995	9.347243092	6.149450146	14.1072865	3.802607546	2.64534159	23.30265142	22.97126798	23.37305865	8.431070465	74.3816	73.2497	71.6105
SY1032	71.62459336	8.954132115	68.05933852	30.60053587	6.061248405	5.548533642	12.7438631	3.47828821	2.20075973	21.74737081	NA	19.08283006	7.010715413	76.9205	71.2105	68.8488
SY1035	56.30361239	7.215357126	68.69487071	26.3349143	12.47897345	7.058934884	11.10244979	4.110751452	2.591458554	15.98334175	NA	14.53854152	7.272146588	71.5977	68.2412	63.6892
SY1039	67.86931424	8.310541187	76.97514339	28.49467116	7.676077392	6.373497512	12.24819337	3.362899452	2.225740969	19.63794984	22.3403134	16.86922969	7.633007293	74.9169	72.8045	69.8254
SY1052	64.3523004	8.212094472	69.15003259	29.10674257	16.55902591	5.589468512	11.39597582	3.8316053	2.539836689	17.88705777	25.18874209	15.92581713	7.79840801	68.2785	66.9056	65.028
SY1077	71.68453729	9.452523078	68.17189375	27.46509673	8.640511803	4.915274698	12.11198959	3.531779458	2.235044752	21.64071286	19.48065261	16.31699981	6.928647815	73.9533	71.4689	67.5941
SY1128	76.18052968	9.474400126	67.86480364	25.5792083	17.15196621	5.702176101	13.85787439	3.922793209	2.891519693	23.593919	18.44481464	23.28967622	7.058192681	74.5957	72.0254	68.5982
SY3073	58.18220721	8.850904266	68.20601487	25.04970527	7.676077392	6.466508629	9.982257775	3.678409615	2.402512849	20.53728069	20.1955477	17.29948299	7.45576141	72.13307	68.7977	67.37094
SY998	42.71871824	7.644385084	72.59626598	34.87534248	12.01798454	6.363102152	10.21931871	3.637375056	2.270399128	17.86943077	17.05698696	11.9969835	7.395508828	72.6684	69.9107	63.5776
SY999	49.40280692	7.539962684	72.82951062	35.24564405	6.211310988	5.691315841	11.20457344	3.431967286	2.267575729	17.64909327	19.0040112	13.41761764	6.509945838	72.15181	69.6141	65.1148
TIAN77	68.57569799	8.174903491	61.04057911	27.83146063	13.56810786	5.02059611	13.2727055	3.863506034	2.650886574	21.37555749	20.40660559	12.97391861	8.19486417	74.2745	72.8045	70.2717
TIE7922	63.99071759	7.700171556	67.47809758	24.24426404	4.578619739	4.929499928	11.74125483	3.870510171	2.369871811	24.128317	22.12941832	15.90967163	7.743142552	71.2765	68.2412	65.5859
TT16	75.75877507	7.988948586	72.9846781	27.6804404	8.993877447	5.474572427	12.62231154	4.118847211	2.748613583	22.20611464	26.63452301	14.63934547	9.034124155	69.5634	68.6864	64.8049
TX5	61.42861358	6.713516704	66.6023221	27.49958901	9.42923954	4.88955986	12.14559831	3.543816262	2.144798056	16.89262294	26.31120491	11.88057846	8.831617237	67.7432	66.1265	64.3586
TY1	67.81929988	8.389298559	78.68119952	31.34780821	10.66141745	6.559382964	11.8547944	3.916227679	2.373485046	24.49727325	23.3378985	16.88768115	7.775901024	73.8462	70.13327	68.4866
TY10	71.02739504	8.422114131	75.47381399	34.25410865	5.653498344	4.796685525	12.39766375	3.939207032	2.35227242	24.62462415	25.00268168	14.85375741	7.518300312	67.2078	66.0152	64.3586
TY11	71.12400113	8.918723114	73.5562069	36.05814784	6.041726424	5.126054302	12.61647423	4.009239345	2.321756011	21.56632273	25.19972271	15.5141462	8.535301967	69.5634	68.5751	67.0362
TY2	63.01759061	8.389298559	69.43437528	29.60119399	9.921218227	5.66702337	11.80579642	4.05392142	2.59472901	19.86526562	24.10105121	15.76542283	7.954583598	70.9553	69.3542	66.7015
TY3	59.40452271	8.724017389	74.34326746	27.92617455	7.737993077	5.059031586	13.49613838	4.058480816	2.372368592	23.8359281	26.76202015	13.52557672	7.967984792	68.7068	67.4621	64.6933
TY4	62.28647569	8.964664914	78.72214487	30.42378814	8.800600106	5.557872089	14.15150851	3.853490398	2.251419411	24.97315667	25.34735097	15.41122847	8.624643254	70.8482	68.2412	65.5859
TY5	67.39809731	7.881751052	71.41112566	26.61882411	9.691683953	5.33861206	12.11552735	4.127783626	2.533882268	22.99425045	22.4588393	17.37667129	7.540635633	72.3472	71.3576	67.7056
TY6	65.97760131	8.993105076	74.87555698	30.73533728	7.672172799	5.73979089	12.46841896	4.137084793	2.533510117	21.98552228	22.95601713	16.32605276	7.546591719	72.24015	69.7994	67.37094
TY7	63.35841691	8.892470656	77.19124383	30.1210019	7.652649835	5.672768174	12.54448081	3.979147336	2.345015469	22.82832272	24.26454036	13.24566783	7.576372148	71.0624	69.4655	66.1437
TY8	74.45343354	8.341169054	78.05564561	33.76114878	8.7498404	5.562659426	13.24937959	3.926440725	2.160614487	26.80901475	23.74601134	15.57084625	8.221118439	71.3836	68.909	67.1478
TY9	69.64940572	8.51837314	74.24545358	33.64480727	5.646804757	4.821579676	12.0881097	3.911303532	2.270399128	21.19952814	25.2192438	13.47437391	7.364931101	67.4219	67.5734	66.0321
U8112	51.3696559	7.765802699	67.8079351	26.35481837	7.406102693	5.402762374	13.44112016	3.569332294	2.358612055	22.24894611	21.91961443	13.61778262	7.592635918	71.7048	68.909	67.5941
W138	40.10318876	7.982415694	54.40251249	28.42161026	5.173985169	5.235087647	12.80294087	3.504427295	2.088857048	18.37490549	28.27425155	13.05732068	9.144858031	69.1544	66.178	61.9554
WH413	56.72892034	7.492339603	61.88223347	22.88694642	7.19190789	4.435720324	9.259493307	3.620778857	2.361576204	17.22029897	19.67403344	12.13443012	7.763988852	66.6724	67.2395	64.247
WMR	48.22493435	6.543422658	65.94833392	22.38727454	7.523798275	5.316316748	10.98675714	3.277493267	2.13102124	21.30349572	16.8480088	11.64949366	7.160935162	68.0644	67.4621	66.7015
WU109	51.69601889	8.031608829	64.23659093	32.80580599	6.443899478	4.490979869	12.01470117	3.707407369	2.38576604	20.52275935	20.094957	10.28890901	7.890555676	69.5634	66.0152	62.5735
XI502	43.40544955	8.187300485	59.78662785	26.39583621	3.494816349	5.040429362	11.07268275	3.879238571	2.391062207	20.59557624	20.05426486	11.58998138	8.483186216	64.9593	63.4553	62.0157
XUN971	53.69416412	9.789648383	66.46583761	26.11989801	7.047437958	5.546519261	13.28829495	4.042796496	2.661530173	18.99360454	25.62346007	17.93414234	8.414691229	67.8502	67.0169	64.8049
XZ698	58.01262211	7.299821583	85.58504001	27.0260194	4.582524331	5.373080885	9.127888617	4.309612315	2.863980495	19.82885717	22.57474579	18.02705418	7.717829187	72.8826	73.4723	70.0486
YAN414	56.44407038	9.857248461	64.74840777	28.13350109	3.540137515	4.843191083	12.42419695	3.742058774	2.496294984	22.72011626	19.77468907	13.1313148	7.778879067	68.2785	66.4604	63.0198
YE107	47.99282503	8.920528089	65.65952972	27.59346481	2.617093578	5.68261394	11.25759073	4.006049305	2.412946083	17.38468827	27.82138132	16.70032329	8.756044667	76.2392	72.3343	69.136
YE478	49.73386632	8.478994455	65.22610349	23.29712482	11.46353237	5.016219116	12.12348731	3.796042016	2.157823352	20.78190183	23.83609229	16.61908242	9.066480173	70.9553	69.3542	67.4825
YE515	56.57821484	7.805181385	62.03009167	27.712136	5.044381874	5.413294515	10.81451593	4.036778094	2.507145008	18.80085393	22.19652462	18.96606084	8.757166164	71.7048	68.3525	66.0321
YE52106	74.09096747	10.14602549	59.27765444	32.34342306	6.204045923	4.779451112	13.2078109	3.890877441	2.393209066	24.28353784	20.06140512	18.27005439	7.793769281	71.2765	68.6864	66.2553
YE8001	43.136719	7.428896164	69.68459685	26.95144151	8.199292822	4.889423079	11.33279784	3.560777213	2.112793042	19.38553077	22.55278456	10.74528516	8.228563547	68.9209	68.2412	65.6974
YU374	53.18850023	7.953945309	63.39493657	28.40943929	9.288674201	5.510956187	14.59019081	3.320953015	2.079857649	23.06756779	26.29886591	12.9407264	7.963517727	72.6684	70.4672	68.0403
YU87-1	45.73823829	8.778710008	70.75372536	24.28528188	8.472614314	5.224673442	10.45985544	4.042249368	2.607196079	17.42657263	30.55788623	21.20511566	9.149083011	68.7068	66.1265	64.5817
YUN46	98.67759557	8.419795025	78.55325503	29.37064731	10.14270172	6.167434092	13.50761796	4.190923176	2.977811852	21.4829658	27.10645942	28.59012304	9.21999295	76.1418	75.3279	71.1764
Z2018F	66.60051741	9.826620594	66.15874751	31.86612456	4.972425808	5.577021436	12.02708334	4.115199695	2.613708727	19.95735757	24.63666119	21.55770419	8.097529658	71.1694	71.3576	68.375
ZAC546	45.71648812	8.478994455	64.73703406	32.08240044	8.731990833	5.230418246	12.12614063	3.609653932	2.126376565	25.58139192	23.46234547	11.7304901	9.290235845	66.6724	65.2361	63.3545
ZB648	61.87841155	8.332965161	65.80616257	29.55420992	9.077826192	5.460210416	10.44924216	4.101521508	2.59044927	20.32144205	25.66761889	13.40290326	8.304503641	69.028	67.5734	64.4702
ZH68	41.76270433	7.492339603	60.8813472	25.76658526	5.473887078	5.556914621	11.1916327	3.434026021	1.959652771	21.48273108	21.22352016	8.757311144	8.213673332	65.8159	64.3457	62.462
ZHENG22	60.80569749	9.579409955	69.49124382	28.68164859	16.70349585	5.689045119	12.81739557	4.133619652	2.569236644	21.32655549	23.05739708	20.08540884	8.358108413	70.4199	68.4638	66.59
ZHENG28	68.85370273	9.500652583	71.82285387	27.782985	7.250476782	4.970671025	11.98639909	4.297393135	2.76033635	22.14400611	24.92886755	17.73371179	8.502543495	72.4543	70.022	67.9288
ZHENG29	56.80852377	8.393673968	62.75800895	29.52437876	7.925971329	5.241907855	13.02296291	3.747712425	2.046177954	23.81236969	22.37038435	13.12791563	7.862264268	71.2765	68.3525	66.0321
ZHENG30	60.64262641	7.894877281	75.42604442	26.86343959	7.890829994	5.636384414	14.03476241	3.748077176	2.365297717	23.80600247	23.81006493	17.46958313	7.909912955	68.2785	66.2378	64.4702
ZHENG32	56.38522347	7.813932204	63.49729994	27.641287	4.763251196	5.555136468	12.45249904	3.129093656	1.8416808	19.02057893	21.83965465	10.51548908	7.396200552	72.4543	71.2463	68.8213
ZHENG35	52.85573364	8.048016615	65.26249935	28.2356728	8.054822889	5.728848406	13.00881187	3.655430262	1.966351494	23.28980138	20.33287031	9.512517658	7.954583598	70.2058	69.1316	66.0321
ZHENG58	39.6773376	8.223032996	68.60409463	27.94705636	4.657827192	4.797916554	12.84430601	4.034042456	2.493689924	22.31647323	27.86432573	14.99669871	8.72291867	66.9937	66.1265	63.3545
ZHENG653	50.920962	7.943006786	62.91724086	26.27651159	6.590600606	5.37116595	9.938035769	3.694823438	2.370879987	22.66454407	19.17990578	12.67390265	7.476607711	73.3109	70.5785	68.4866
ZHI41	73.67517485	8.428677245	57.13257319	25.5083593	11.15897413	6.21086484	10.87377342	3.749536183	2.304823126	20.79906335	20.90630241	15.32546369	8.593373803	75.024	74.0288	70.4948
ZHONG69	69.26839129	10.01695091	75.29183467	34.35263518	8.800600106	5.1231819	11.24435383	3.973493685	2.535184798	22.66236971	23.31593727	19.97105581	8.608264018	75.1311	72.8045	69.937
ZI330	59.51967717	8.877156723	71.33378444	31.29560369	12.1468361	5.911177551	13.66506644	3.638469311	2.194294182	22.83148327	20.74067664	15.71426401	7.557014869	71.4906	67.4621	64.9165
ZONG3	46.66532557	7.875187938	67.11413894	30.99356323	8.816218477	5.399889972	11.5830944	3.211892276	1.814513753	21.39573478	24.48164273	9.214723291	8.998115713	70.661	67.2693	66.1437
ZONG31	52.46472589	7.85710068	63.59466356	31.34509819	6.496866972	4.650817208	12.44747365	3.401233015	2.029204297	24.41345458	22.64989336	12.78709796	8.909046352	71.8119	68.6864	65.028
ZZ01	57.42216567	9.041234581	69.40025416	31.57527078	7.336377822	5.889155801	15.31666916	3.732757608	2.353388874	25.83526184	24.50855402	20.41655618	8.286635383	66.7795	66.4604	65.028
ZZ03	66.6940321	8.172715787	78.30586717	28.4653727	7.734646283	5.448720808	14.59160591	3.718532294	2.44196089	25.3329578	23.68073769	20.86634479	8.186870946	68.7068	68.2412	65.9206
